           r(Ang)                     1
        2.50000000        2.42283069E+04
        2.51564456        2.35807161E+04
        2.53128911        2.29411343E+04
        2.54693367        2.23094061E+04
        2.56257822        2.16853930E+04
        2.57822278        2.10689522E+04
        2.59386733        2.04599475E+04
        2.60951189        1.98582451E+04
        2.62515645        1.92637143E+04
        2.64080100        1.86762277E+04
        2.65644556        1.80956608E+04
        2.67209011        1.75218922E+04
        2.68773467        1.69548030E+04
        2.70337922        1.63942775E+04
        2.71902378        1.58402017E+04
        2.73466834        1.52924675E+04
        2.75031289        1.47509567E+04
        2.76595745        1.42156025E+04
        2.78160200        1.36861501E+04
        2.79724656        1.31630852E+04
        2.81289111        1.26423873E+04
        2.82853567        1.21356056E+04
        2.84418023        1.16552300E+04
        2.85982478        1.11972118E+04
        2.87546934        1.07585727E+04
        2.89111389        1.03394513E+04
        2.90675845        9.93894405E+03
        2.92240300        9.55589697E+03
        2.93804756        9.18951917E+03
        2.95369212        8.83903321E+03
        2.96933667        8.50364857E+03
        2.98498123        8.18264249E+03
        3.00062578        7.87533024E+03
        3.01627034        7.58105965E+03
        3.03191489        7.29921532E+03
        3.04755945        7.02921185E+03
        3.06320401        6.77048940E+03
        3.07884856        6.52252055E+03
        3.09449312        6.28481953E+03
        3.11013767        6.05691327E+03
        3.12578223        5.83834345E+03
        3.14142678        5.62868563E+03
        3.15707134        5.42753523E+03
        3.17271589        5.23450656E+03
        3.18836045        5.04923546E+03
        3.20400501        4.87137351E+03
        3.21964956        4.70058737E+03
        3.23529412        4.53656813E+03
        3.25093867        4.37902802E+03
        3.26658323        4.22764004E+03
        3.28222778        4.08214113E+03
        3.29787234        3.94246738E+03
        3.31351690        3.80773052E+03
        3.32916145        3.67633119E+03
        3.34480601        3.54809960E+03
        3.36045056        3.42330059E+03
        3.37609512        3.30176214E+03
        3.39173967        3.18334221E+03
        3.40738423        3.06798372E+03
        3.42302879        2.95560542E+03
        3.43867334        2.84612218E+03
        3.45431790        2.73946190E+03
        3.46996245        2.63555579E+03
        3.48560701        2.53433746E+03
        3.50125156        2.43574537E+03
        3.51689612        2.33972123E+03
        3.53254068        2.24621021E+03
        3.54818523        2.15516069E+03
        3.56382979        2.06652372E+03
        3.57947434        1.98025320E+03
        3.59511890        1.89630554E+03
        3.61076345        1.81463994E+03
        3.62640801        1.73521555E+03
        3.64205257        1.65799325E+03
        3.65769712        1.58294089E+03
        3.67334168        1.51002575E+03
        3.68898623        1.43921245E+03
        3.70463079        1.37046885E+03
        3.72027534        1.30376489E+03
        3.73591990        1.23907087E+03
        3.75156446        1.17635787E+03
        3.76720901        1.11559782E+03
        3.78285357        1.05676333E+03
        3.79849812        9.99827500E+02
        3.81414268        9.44763980E+02
        3.82978723        8.91546831E+02
        3.84543179        8.40150489E+02
        3.86107635        7.90549742E+02
        3.87672090        7.42719633E+02
        3.89236546        6.96635480E+02
        3.90801001        6.52272805E+02
        3.92365457        6.09607308E+02
        3.93929912        5.68614868E+02
        3.95494368        5.29271486E+02
        3.97058824        4.91553296E+02
        3.98623279        4.55436532E+02
        4.00187735        4.20897518E+02
        4.01752190        3.87912664E+02
        4.03316646        3.56458447E+02
        4.04881101        3.26511412E+02
        4.06445557        2.98048161E+02
        4.08010013        2.71045349E+02
        4.09574468        2.45479703E+02
        4.11138924        2.21327976E+02
        4.12703379        1.98566951E+02
        4.14267835        1.77173597E+02
        4.15832290        1.57124866E+02
        4.17396746        1.38397224E+02
        4.18961202        1.20967766E+02
        4.20525657        1.04814513E+02
        4.22090113        8.99145511E+01
        4.23654568        7.62446181E+01
        4.25219024        6.37821380E+01
        4.26783479        5.25046351E+01
        4.28347935        4.23896036E+01
        4.29912390        3.34146826E+01
        4.31476846        2.55576230E+01
        4.33041302        1.87962920E+01
        4.34605757        1.31086737E+01
        4.36170213        8.47287754E+00
        4.37734668        4.86716105E+00
        4.39299124        2.26990592E+00
        4.40863579        6.59654711E-01
        4.42428035        1.50989578E-02
        4.43992491        3.15079442E-01
        4.45556946        1.53862023E+00
        4.47121402        3.66489467E+00
        4.48685857        6.67326227E+00
        4.50250313        1.05432615E+01
        4.51814768        1.52546005E+01
        4.53379224        2.07871960E+01
        4.54943680        2.71211345E+01
        4.56508135        3.42367093E+01
        4.58072591        4.21144142E+01
        4.59637046        5.07349252E+01
        4.61201502        6.00791484E+01
        4.62765957        7.01281755E+01
        4.64330413        8.08633150E+01
        4.65894869        9.22660869E+01
        4.67459324        1.04318207E+02
        4.69023780        1.17001667E+02
        4.70588235        1.30298581E+02
        4.72152691        1.44191217E+02
        4.73717146        1.58662533E+02
        4.75281602        1.73695619E+02
        4.76846058        1.89272800E+02
        4.78410513        2.05377062E+02
        4.79974969        2.21992359E+02
        4.81539424        2.39102474E+02
        4.83103880        2.56691204E+02
        4.84668335        2.74742724E+02
        4.86232791        2.93241415E+02
        4.87797247        3.12171848E+02
        4.89361702        3.31518849E+02
        4.90926158        3.51267438E+02
        4.92490613        3.71402878E+02
        4.94055069        3.91910643E+02
        4.95619524        4.12776420E+02
        4.97183980        4.33986138E+02
        4.98748436        4.55525920E+02
        5.00312891        4.77382122E+02
        5.01877347        4.99541318E+02
        5.03441802        5.21990284E+02
        5.05006258        5.44716035E+02
        5.06570713        5.67705774E+02
        5.08135169        5.90946938E+02
        5.09699625        6.14427171E+02
        5.11264080        6.38134314E+02
        5.12828536        6.62056443E+02
        5.14392991        6.86181821E+02
        5.15957447        7.10498924E+02
        5.17521902        7.34996446E+02
        5.19086358        7.59663263E+02
        5.20650814        7.84488464E+02
        5.22215269        8.09461353E+02
        5.23779725        8.34571469E+02
        5.25344180        8.59808357E+02
        5.26908636        8.85161885E+02
        5.28473091        9.10622957E+02
        5.30037547        9.36181710E+02
        5.31602003        9.61827298E+02
        5.33166458        9.87550611E+02
        5.34730914        1.01334319E+03
        5.36295369        1.03919598E+03
        5.37859825        1.06510007E+03
        5.39424280        1.09104695E+03
        5.40988736        1.11702820E+03
        5.42553191        1.14303560E+03
        5.44117647        1.16906109E+03
        5.45682103        1.19509682E+03
        5.47246558        1.22113509E+03
        5.48811014        1.24716839E+03
        5.50375469        1.27318937E+03
        5.51939925        1.29919088E+03
        5.53504380        1.32516591E+03
        5.55068836        1.35110762E+03
        5.56633292        1.37700938E+03
        5.58197747        1.40286467E+03
        5.59762203        1.42866716E+03
        5.61326658        1.45441070E+03
        5.62891114        1.48008927E+03
        5.64455569        1.50569702E+03
        5.66020025        1.53122827E+03
        5.67584481        1.55667749E+03
        5.69148936        1.58203930E+03
        5.70713392        1.60730847E+03
        5.72277847        1.63247994E+03
        5.73842303        1.65754879E+03
        5.75406758        1.68251024E+03
        5.76971214        1.70735968E+03
        5.78535670        1.73209261E+03
        5.80100125        1.75670476E+03
        5.81664581        1.78119186E+03
        5.83229036        1.80554971E+03
        5.84793492        1.82977499E+03
        5.86357947        1.85386430E+03
        5.87922403        1.87781282E+03
        5.89486859        1.90161672E+03
        5.91051314        1.92527342E+03
        5.92615770        1.94877976E+03
        5.94180225        1.97213245E+03
        5.95744681        1.99532856E+03
        5.97309136        2.01836527E+03
        5.98873592        2.04123982E+03
        6.00438048        2.06394962E+03
        6.02002503        2.08649219E+03
        6.03566959        2.10886517E+03
        6.05131414        2.13106630E+03
        6.06695870        2.15309347E+03
        6.08260325        2.17494466E+03
        6.09824781        2.19661797E+03
        6.11389237        2.21811160E+03
        6.12953692        2.23942389E+03
        6.14518148        2.26055325E+03
        6.16082603        2.28149822E+03
        6.17647059        2.30225743E+03
        6.19211514        2.32282962E+03
        6.20775970        2.34321363E+03
        6.22340426        2.36340839E+03
        6.23904881        2.38341293E+03
        6.25469337        2.40322639E+03
        6.27033792        2.42284797E+03
        6.28598248        2.44227699E+03
        6.30162703        2.46151284E+03
        6.31727159        2.48055500E+03
        6.33291615        2.49940306E+03
        6.34856070        2.51805668E+03
        6.36420526        2.53651551E+03
        6.37984981        2.55477935E+03
        6.39549437        2.57284868E+03
        6.41113892        2.59072329E+03
        6.42678348        2.60840231E+03
        6.44242804        2.62588608E+03
        6.45807259        2.64317524E+03
        6.47371715        2.66026994E+03
        6.48936170        2.67717042E+03
        6.50500626        2.69387710E+03
        6.52065081        2.71039043E+03
        6.53629537        2.72671088E+03
        6.55193992        2.74283902E+03
        6.56758448        2.75877547E+03
        6.58322904        2.77452089E+03
        6.59887359        2.79007600E+03
        6.61451815        2.80544157E+03
        6.63016270        2.82061844E+03
        6.64580726        2.83560745E+03
        6.66145181        2.85040954E+03
        6.67709637        2.86502566E+03
        6.69274093        2.87945681E+03
        6.70838548        2.89370404E+03
        6.72403004        2.90776842E+03
        6.73967459        2.92165107E+03
        6.75531915        2.93535316E+03
        6.77096370        2.94887586E+03
        6.78660826        2.96222041E+03
        6.80225282        2.97538805E+03
        6.81789737        2.98838007E+03
        6.83354193        3.00119778E+03
        6.84918648        3.01384251E+03
        6.86483104        3.02631564E+03
        6.88047559        3.03861853E+03
        6.89612015        3.05075261E+03
        6.91176471        3.06271933E+03
        6.92740926        3.07452009E+03
        6.94305382        3.08615630E+03
        6.95869837        3.09762975E+03
        6.97434293        3.10894206E+03
        6.98998748        3.12009419E+03
        7.00563204        3.13108756E+03
        7.02127660        3.14192407E+03
        7.03692115        3.15260530E+03
        7.05256571        3.16313273E+03
        7.06821026        3.17350795E+03
        7.08385482        3.18373256E+03
        7.09949937        3.19380814E+03
        7.11514393        3.20373627E+03
        7.13078849        3.21351857E+03
        7.14643304        3.22315662E+03
        7.16207760        3.23265204E+03
        7.17772215        3.24200643E+03
        7.19336671        3.25122141E+03
        7.20901126        3.26029858E+03
        7.22465582        3.26923955E+03
        7.24030038        3.27804594E+03
        7.25594493        3.28671934E+03
        7.27158949        3.29526137E+03
        7.28723404        3.30367362E+03
        7.30287860        3.31195769E+03
        7.31852315        3.32011518E+03
        7.33416771        3.32814767E+03
        7.34981227        3.33605675E+03
        7.36545682        3.34384400E+03
        7.38110138        3.35151097E+03
        7.39674593        3.35905925E+03
        7.41239049        3.36649037E+03
        7.42803504        3.37380588E+03
        7.44367960        3.38100734E+03
        7.45932416        3.38809627E+03
        7.47496871        3.39507415E+03
        7.49061327        3.40194251E+03
        7.50625782        3.40870306E+03
        7.52190238        3.41535721E+03
        7.53754693        3.42190609E+03
        7.55319149        3.42835128E+03
        7.56883605        3.43469441E+03
        7.58448060        3.44093687E+03
        7.60012516        3.44708006E+03
        7.61576971        3.45312544E+03
        7.63141427        3.45907439E+03
        7.64705882        3.46492832E+03
        7.66270338        3.47068860E+03
        7.67834793        3.47635660E+03
        7.69399249        3.48193367E+03
        7.70963705        3.48742117E+03
        7.72528160        3.49282041E+03
        7.74092616        3.49813270E+03
        7.75657071        3.50335936E+03
        7.77221527        3.50850165E+03
        7.78785982        3.51356087E+03
        7.80350438        3.51853826E+03
        7.81914894        3.52343507E+03
        7.83479349        3.52825253E+03
        7.85043805        3.53299185E+03
        7.86608260        3.53765424E+03
        7.88172716        3.54224089E+03
        7.89737171        3.54675296E+03
        7.91301627        3.55119162E+03
        7.92866083        3.55555802E+03
        7.94430538        3.55985327E+03
        7.95994994        3.56407851E+03
        7.97559449        3.56823483E+03
        7.99123905        3.57232331E+03
        8.00688360        3.57634505E+03
        8.02252816        3.58030109E+03
        8.03817272        3.58419248E+03
        8.05381727        3.58802023E+03
        8.06946183        3.59178545E+03
        8.08510638        3.59548919E+03
        8.10075094        3.59913225E+03
        8.11639549        3.60271558E+03
        8.13204005        3.60624027E+03
        8.14768461        3.60970726E+03
        8.16332916        3.61311747E+03
        8.17897372        3.61647184E+03
        8.19461827        3.61977127E+03
        8.21026283        3.62301665E+03
        8.22590738        3.62620889E+03
        8.24155194        3.62934884E+03
        8.25719650        3.63243737E+03
        8.27284105        3.63547532E+03
        8.28848561        3.63846353E+03
        8.30413016        3.64140282E+03
        8.31977472        3.64429399E+03
        8.33541927        3.64713786E+03
        8.35106383        3.64993520E+03
        8.36670839        3.65268678E+03
        8.38235294        3.65539337E+03
        8.39799750        3.65805572E+03
        8.41364205        3.66067456E+03
        8.42928661        3.66325063E+03
        8.44493116        3.66578463E+03
        8.46057572        3.66827728E+03
        8.47622028        3.67072927E+03
        8.49186483        3.67314128E+03
        8.50750939        3.67551398E+03
        8.52315394        3.67784804E+03
        8.53879850        3.68014411E+03
        8.55444305        3.68240282E+03
        8.57008761        3.68462481E+03
        8.58573217        3.68681069E+03
        8.60137672        3.68896108E+03
        8.61702128        3.69107664E+03
        8.63266583        3.69315793E+03
        8.64831039        3.69520543E+03
        8.66395494        3.69721976E+03
        8.67959950        3.69920151E+03
        8.69524406        3.70115124E+03
        8.71088861        3.70306948E+03
        8.72653317        3.70495676E+03
        8.74217772        3.70681363E+03
        8.75782228        3.70864058E+03
        8.77346683        3.71043814E+03
        8.78911139        3.71220680E+03
        8.80475594        3.71394706E+03
        8.82040050        3.71565940E+03
        8.83604506        3.71734429E+03
        8.85168961        3.71900221E+03
        8.86733417        3.72063361E+03
        8.88297872        3.72223895E+03
        8.89862328        3.72381868E+03
        8.91426783        3.72537322E+03
        8.92991239        3.72690301E+03
        8.94555695        3.72840847E+03
        8.96120150        3.72989001E+03
        8.97684606        3.73134806E+03
        8.99249061        3.73278300E+03
        9.00813517        3.73419523E+03
        9.02377972        3.73558514E+03
        9.03942428        3.73695311E+03
        9.05506884        3.73829951E+03
        9.07071339        3.73962472E+03
        9.08635795        3.74092909E+03
        9.10200250        3.74221298E+03
        9.11764706        3.74347673E+03
        9.13329161        3.74472071E+03
        9.14893617        3.74594522E+03
        9.16458073        3.74715062E+03
        9.18022528        3.74833724E+03
        9.19586984        3.74950542E+03
        9.21151439        3.75065542E+03
        9.22715895        3.75178753E+03
        9.24280350        3.75290210E+03
        9.25844806        3.75399943E+03
        9.27409262        3.75507980E+03
        9.28973717        3.75614350E+03
        9.30538173        3.75719082E+03
        9.32102628        3.75822203E+03
        9.33667084        3.75923740E+03
        9.35231539        3.76023721E+03
        9.36795995        3.76122172E+03
        9.38360451        3.76219118E+03
        9.39924906        3.76314586E+03
        9.41489362        3.76408599E+03
        9.43053817        3.76501183E+03
        9.44618273        3.76592362E+03
        9.46182728        3.76682158E+03
        9.47747184        3.76770597E+03
        9.49311640        3.76857700E+03
        9.50876095        3.76943490E+03
        9.52440551        3.77027988E+03
        9.54005006        3.77111218E+03
        9.55569462        3.77193199E+03
        9.57133917        3.77273953E+03
        9.58698373        3.77353500E+03
        9.60262829        3.77431861E+03
        9.61827284        3.77509055E+03
        9.63391740        3.77585102E+03
        9.64956195        3.77660020E+03
        9.66520651        3.77733829E+03
        9.68085106        3.77806548E+03
        9.69649562        3.77878193E+03
        9.71214018        3.77948783E+03
        9.72778473        3.78018339E+03
        9.74342929        3.78086874E+03
        9.75907384        3.78154404E+03
        9.77471840        3.78220946E+03
        9.79036295        3.78286518E+03
        9.80600751        3.78351135E+03
        9.82165207        3.78414814E+03
        9.83729662        3.78477569E+03
        9.85294118        3.78539416E+03
        9.86858573        3.78600369E+03
        9.88423029        3.78660444E+03
        9.89987484        3.78719655E+03
        9.91551940        3.78778016E+03
        9.93116395        3.78835540E+03
        9.94680851        3.78892242E+03
        9.96245307        3.78948135E+03
        9.97809762        3.79003231E+03
        9.99374218        3.79057545E+03
       10.00938673        3.79111088E+03
       10.02503129        3.79163874E+03
       10.04067584        3.79215914E+03
       10.05632040        3.79267220E+03
       10.07196496        3.79317805E+03
       10.08760951        3.79367679E+03
       10.10325407        3.79416856E+03
       10.11889862        3.79465345E+03
       10.13454318        3.79513157E+03
       10.15018773        3.79560305E+03
       10.16583229        3.79606797E+03
       10.18147685        3.79652646E+03
       10.19712140        3.79697860E+03
       10.21276596        3.79742451E+03
       10.22841051        3.79786428E+03
       10.24405507        3.79829801E+03
       10.25969962        3.79872580E+03
       10.27534418        3.79914773E+03
       10.29098874        3.79956391E+03
       10.30663329        3.79997444E+03
       10.32227785        3.80037939E+03
       10.33792240        3.80077883E+03
       10.35356696        3.80117288E+03
       10.36921151        3.80156161E+03
       10.38485607        3.80194510E+03
       10.40050063        3.80232345E+03
       10.41614518        3.80269673E+03
       10.43178974        3.80306501E+03
       10.44743429        3.80342839E+03
       10.46307885        3.80378692E+03
       10.47872340        3.80414070E+03
       10.49436796        3.80448979E+03
       10.51001252        3.80483426E+03
       10.52565707        3.80517419E+03
       10.54130163        3.80550965E+03
       10.55694618        3.80584071E+03
       10.57259074        3.80616743E+03
       10.58823529        3.80648988E+03
       10.60387985        3.80680813E+03
       10.61952441        3.80712223E+03
       10.63516896        3.80743227E+03
       10.65081352        3.80773828E+03
       10.66645807        3.80804035E+03
       10.68210263        3.80833852E+03
       10.69774718        3.80863285E+03
       10.71339174        3.80892341E+03
       10.72903630        3.80921025E+03
       10.74468085        3.80949343E+03
       10.76032541        3.80977300E+03
       10.77596996        3.81004901E+03
       10.79161452        3.81032152E+03
       10.80725907        3.81059058E+03
       10.82290363        3.81085625E+03
       10.83854819        3.81111857E+03
       10.85419274        3.81137760E+03
       10.86983730        3.81163337E+03
       10.88548185        3.81188593E+03
       10.90112641        3.81213535E+03
       10.91677096        3.81238165E+03
       10.93241552        3.81262490E+03
       10.94806008        3.81286512E+03
       10.96370463        3.81310238E+03
       10.97934919        3.81333670E+03
       10.99499374        3.81356813E+03
       11.01063830        3.81379673E+03
       11.02628285        3.81402251E+03
       11.04192741        3.81424554E+03
       11.05757196        3.81446584E+03
       11.07321652        3.81468346E+03
       11.08886108        3.81489844E+03
       11.10450563        3.81511082E+03
       11.12015019        3.81532063E+03
       11.13579474        3.81552791E+03
       11.15143930        3.81573270E+03
       11.16708385        3.81593503E+03
       11.18272841        3.81613495E+03
       11.19837297        3.81633249E+03
       11.21401752        3.81652768E+03
       11.22966208        3.81672056E+03
       11.24530663        3.81691117E+03
       11.26095119        3.81709954E+03
       11.27659574        3.81728570E+03
       11.29224030        3.81746969E+03
       11.30788486        3.81765155E+03
       11.32352941        3.81783130E+03
       11.33917397        3.81800899E+03
       11.35481852        3.81818464E+03
       11.37046308        3.81835829E+03
       11.38610763        3.81852998E+03
       11.40175219        3.81869973E+03
       11.41739675        3.81886760E+03
       11.43304130        3.81903360E+03
       11.44868586        3.81919776E+03
       11.46433041        3.81936009E+03
       11.47997497        3.81952082E+03
       11.49561952        3.81967974E+03
       11.51126408        3.81983610E+03
       11.52690864        3.81999023E+03
       11.54255319        3.82014272E+03
       11.55819775        3.82029354E+03
       11.57384230        3.82044260E+03
       11.58948686        3.82058999E+03
       11.60513141        3.82073573E+03
       11.62077597        3.82087983E+03
       11.63642053        3.82102232E+03
       11.65206508        3.82116321E+03
       11.66770964        3.82130253E+03
       11.68335419        3.82144031E+03
       11.69899875        3.82157655E+03
       11.71464330        3.82171128E+03
       11.73028786        3.82184452E+03
       11.74593242        3.82197630E+03
       11.76157697        3.82210662E+03
       11.77722153        3.82223551E+03
       11.79286608        3.82236299E+03
       11.80851064        3.82248908E+03
       11.82415519        3.82261379E+03
       11.83979975        3.82273714E+03
       11.85544431        3.82285915E+03
       11.87108886        3.82297984E+03
       11.88673342        3.82309922E+03
       11.90237797        3.82321731E+03
       11.91802253        3.82333413E+03
       11.93366708        3.82344970E+03
       11.94931164        3.82356403E+03
       11.96495620        3.82367713E+03
       11.98060075        3.82378903E+03
       11.99624531        3.82389973E+03
       12.01188986        3.82400925E+03
       12.02753442        3.82411761E+03
       12.04317897        3.82422482E+03
       12.05882353        3.82433090E+03
       12.07446809        3.82443586E+03
       12.09011264        3.82453972E+03
       12.10575720        3.82464248E+03
       12.12140175        3.82474416E+03
       12.13704631        3.82484479E+03
       12.15269086        3.82494436E+03
       12.16833542        3.82504289E+03
       12.18397997        3.82514040E+03
       12.19962453        3.82523689E+03
       12.21526909        3.82533239E+03
       12.23091364        3.82542690E+03
       12.24655820        3.82552043E+03
       12.26220275        3.82561300E+03
       12.27784731        3.82570462E+03
       12.29349186        3.82579530E+03
       12.30913642        3.82588506E+03
       12.32478098        3.82597389E+03
       12.34042553        3.82606182E+03
       12.35607009        3.82614885E+03
       12.37171464        3.82623500E+03
       12.38735920        3.82632028E+03
       12.40300375        3.82640470E+03
       12.41864831        3.82648826E+03
       12.43429287        3.82657098E+03
       12.44993742        3.82665287E+03
       12.46558198        3.82673393E+03
       12.48122653        3.82681418E+03
       12.49687109        3.82689364E+03
       12.51251564        3.82697229E+03
       12.52816020        3.82705017E+03
       12.54380476        3.82712727E+03
       12.55944931        3.82720361E+03
       12.57509387        3.82727919E+03
       12.59073842        3.82735402E+03
       12.60638298        3.82742811E+03
       12.62202753        3.82750147E+03
       12.63767209        3.82757411E+03
       12.65331665        3.82764604E+03
       12.66896120        3.82771726E+03
       12.68460576        3.82778779E+03
       12.70025031        3.82785763E+03
       12.71589487        3.82792679E+03
       12.73153942        3.82799527E+03
       12.74718398        3.82806309E+03
       12.76282854        3.82813026E+03
       12.77847309        3.82819677E+03
       12.79411765        3.82826264E+03
       12.80976220        3.82832788E+03
       12.82540676        3.82839249E+03
       12.84105131        3.82845648E+03
       12.85669587        3.82851985E+03
       12.87234043        3.82858262E+03
       12.88798498        3.82864479E+03
       12.90362954        3.82870636E+03
       12.91927409        3.82876735E+03
       12.93491865        3.82882776E+03
       12.95056320        3.82888760E+03
       12.96620776        3.82894687E+03
       12.98185232        3.82900558E+03
       12.99749687        3.82906374E+03
       13.01314143        3.82912135E+03
       13.02878598        3.82917841E+03
       13.04443054        3.82923494E+03
       13.06007509        3.82929095E+03
       13.07571965        3.82934642E+03
       13.09136421        3.82940138E+03
       13.10700876        3.82945583E+03
       13.12265332        3.82950977E+03
       13.13829787        3.82956320E+03
       13.15394243        3.82961615E+03
       13.16958698        3.82966860E+03
       13.18523154        3.82972057E+03
       13.20087610        3.82977205E+03
       13.21652065        3.82982306E+03
       13.23216521        3.82987361E+03
       13.24780976        3.82992368E+03
       13.26345432        3.82997330E+03
       13.27909887        3.83002247E+03
       13.29474343        3.83007118E+03
       13.31038798        3.83011945E+03
       13.32603254        3.83016729E+03
       13.34167710        3.83021468E+03
       13.35732165        3.83026165E+03
       13.37296621        3.83030819E+03
       13.38861076        3.83035430E+03
       13.40425532        3.83040001E+03
       13.41989987        3.83044529E+03
       13.43554443        3.83049017E+03
       13.45118899        3.83053465E+03
       13.46683354        3.83057873E+03
       13.48247810        3.83062241E+03
       13.49812265        3.83066570E+03
       13.51376721        3.83070860E+03
       13.52941176        3.83075113E+03
       13.54505632        3.83079327E+03
       13.56070088        3.83083503E+03
       13.57634543        3.83087643E+03
       13.59198999        3.83091746E+03
       13.60763454        3.83095812E+03
       13.62327910        3.83099843E+03
       13.63892365        3.83103838E+03
       13.65456821        3.83107798E+03
       13.67021277        3.83111723E+03
       13.68585732        3.83115613E+03
       13.70150188        3.83119469E+03
       13.71714643        3.83123292E+03
       13.73279099        3.83127081E+03
       13.74843554        3.83130837E+03
       13.76408010        3.83134560E+03
       13.77972466        3.83138250E+03
       13.79536921        3.83141909E+03
       13.81101377        3.83145536E+03
       13.82665832        3.83149131E+03
       13.84230288        3.83152695E+03
       13.85794743        3.83156229E+03
       13.87359199        3.83159732E+03
       13.88923655        3.83163204E+03
       13.90488110        3.83166648E+03
       13.92052566        3.83170065E+03
       13.93617021        3.83173456E+03
       13.95181477        3.83176820E+03
       13.96745932        3.83180158E+03
       13.98310388        3.83183470E+03
       13.99874844        3.83186756E+03
       14.01439299        3.83190016E+03
       14.03003755        3.83193251E+03
       14.04568210        3.83196461E+03
       14.06132666        3.83199645E+03
       14.07697121        3.83202806E+03
       14.09261577        3.83205941E+03
       14.10826033        3.83209053E+03
       14.12390488        3.83212140E+03
       14.13954944        3.83215203E+03
       14.15519399        3.83218243E+03
       14.17083855        3.83221260E+03
       14.18648310        3.83224253E+03
       14.20212766        3.83227223E+03
       14.21777222        3.83230170E+03
       14.23341677        3.83233095E+03
       14.24906133        3.83235997E+03
       14.26470588        3.83238878E+03
       14.28035044        3.83241736E+03
       14.29599499        3.83244572E+03
       14.31163955        3.83247387E+03
       14.32728411        3.83250180E+03
       14.34292866        3.83252952E+03
       14.35857322        3.83255702E+03
       14.37421777        3.83258432E+03
       14.38986233        3.83261141E+03
       14.40550688        3.83263830E+03
       14.42115144        3.83266498E+03
       14.43679599        3.83269146E+03
       14.45244055        3.83271775E+03
       14.46808511        3.83274383E+03
       14.48372966        3.83276971E+03
       14.49937422        3.83279540E+03
       14.51501877        3.83282090E+03
       14.53066333        3.83284621E+03
       14.54630788        3.83287132E+03
       14.56195244        3.83289625E+03
       14.57759700        3.83292099E+03
       14.59324155        3.83294555E+03
       14.60888611        3.83296992E+03
       14.62453066        3.83299411E+03
       14.64017522        3.83301812E+03
       14.65581977        3.83304195E+03
       14.67146433        3.83306560E+03
       14.68710889        3.83308908E+03
       14.70275344        3.83311238E+03
       14.71839800        3.83313551E+03
       14.73404255        3.83315847E+03
       14.74968711        3.83318126E+03
       14.76533166        3.83320388E+03
       14.78097622        3.83322633E+03
       14.79662078        3.83324862E+03
       14.81226533        3.83327074E+03
       14.82790989        3.83329270E+03
       14.84355444        3.83331450E+03
       14.85919900        3.83333614E+03
       14.87484355        3.83335762E+03
       14.89048811        3.83337893E+03
       14.90613267        3.83340010E+03
       14.92177722        3.83342110E+03
       14.93742178        3.83344196E+03
       14.95306633        3.83346268E+03
       14.96871089        3.83348325E+03
       14.98435544        3.83350365E+03
       15.00000000        3.83352388E+03