# E_avg	g/G	Eg	EG	gamma	Gamma
8.7249613822e+03 5.2240826122e+00 8.7249613624e+03 8.7249614020e+03 2.0351647499e-02 3.8957361531e-03
8.7748061377e+03 8.3088188307e+00 8.7748061624e+03 8.7748061130e+03 2.1786981997e-02 2.6221515285e-03
8.8245187852e+03 2.9707856665e+01 8.8245187624e+03 8.8245188080e+03 2.3383837049e-02 7.8712635896e-04
8.8740993602e+03 1.7674532207e+02 8.8740993624e+03 8.8740993580e+03 2.5167115583e-02 1.4239197557e-04
8.9235471792e+03 1.5144910531e+03 8.9235471624e+03 8.9235471960e+03 2.7168208175e-02 1.7938837023e-05
8.9728612802e+03 1.6830637851e+04 8.9728612624e+03 8.9728612980e+03 2.9424238012e-02 1.7482544793e-06
9.0220401597e+03 2.2151129267e+05 9.0220401624e+03 9.0220401570e+03 3.1980245940e-02 1.4437298232e-07
9.0710817467e+03 3.0826483269e+06 9.0710817624e+03 9.0710817310e+03 3.4891906776e-02 1.1318808724e-08
9.1199833707e+03 3.9460683237e+07 9.1199833624e+03 9.1199833790e+03 3.8228576772e-02 9.6877635246e-10
9.1687417602e+03 6.3370691220e+08 9.1687417624e+03 9.1687417580e+03 4.2077388617e-02 6.6398815930e-11
9.2173526762e+03 6.5853865808e+10 9.2173526624e+03 9.2173526900e+03 4.6548990403e-02 7.0685281467e-13
9.2658109657e+03 8.4639350921e+10 9.2658109624e+03 9.2658109690e+03 5.1785574032e-02 6.1183803359e-13
9.3141100852e+03 3.3582454506e+10 9.3141100624e+03 9.3141101080e+03 5.7972255824e-02 1.7262661910e-12
9.3622419697e+03 1.4910950371e+13 9.3622419624e+03 9.3622419770e+03 6.5353459266e-02 4.3829170937e-15
9.4101962822e+03 2.6069814236e+11 9.4101962624e+03 9.4101963020e+03 7.4257039472e-02 2.8483915842e-13
9.4579599572e+03 7.5357867282e+11 9.4579599624e+03 9.4579599520e+03 8.5130403197e-02 1.1296816944e-13
9.5055158847e+03 8.5974102903e+11 9.5055158624e+03 9.5055159070e+03 9.8595799026e-02 1.1468081166e-13
9.5528417567e+03 5.0640918905e+11 9.5528417624e+03 9.5528417510e+03 1.1553646576e-01 2.2814843857e-13
9.5999073842e+03 7.2606591082e+12 9.5999073624e+03 9.5999074060e+03 1.3723372166e-01 1.8901000531e-14
9.6466716677e+03 3.4536132558e+11 9.6466716624e+03 9.6466716730e+03 1.6558838309e-01 4.7946417513e-13
9.6930768692e+03 4.1832588668e+13 9.6930768624e+03 9.6930768760e+03 2.0348077460e-01 4.8641688473e-15
9.7390404857e+03 4.2773082281e+11 9.7390404624e+03 9.7390405090e+03 2.5534543896e-01 5.9697694284e-13
9.7844424562e+03 7.2848550296e+12 9.7844424624e+03 9.7844424500e+03 3.2801623773e-01 4.5027146923e-14
9.8291069627e+03 5.0357432472e+11 9.8291069624e+03 9.8291069630e+03 4.3163448783e-01 8.5714157105e-13
9.8727841397e+03 2.2999264805e+12 9.8727841624e+03 9.8727841170e+03 5.7923210577e-01 2.5184809631e-13
9.9151553802e+03 1.8504733761e+12 9.9151553624e+03 9.9151553980e+03 7.8035120615e-01 4.2170355772e-13
9.9559270822e+03 8.6238868002e+11 9.9559270624e+03 9.9559271020e+03 1.0227143739e+00 1.1859088571e-12
9.9950399457e+03 1.0507763475e+12 9.9950399624e+03 9.9950399290e+03 1.2608693197e+00 1.1999407131e-12
1.0032683777e+04 5.8147082497e+07 1.0032683762e+04 1.0032683792e+04 1.5637971566e+00 2.6893819766e-08
1.0035607760e+04 3.5522632088e+06 1.0035607762e+04 1.0035607758e+04 5.4412900238e+00 1.5317812065e-06
1.0069326676e+04 2.8847726944e+07 1.0069326662e+04 1.0069326690e+04 1.6401087790e+00 5.6854003860e-08
1.0083700163e+04 2.0659860776e+05 1.0083700162e+04 1.0083700164e+04 5.4038736471e+00 2.6156389463e-05
1.0105189949e+04 1.2085835203e+07 1.0105189962e+04 1.0105189935e+04 1.7427097350e+00 1.4419439829e-07
1.0133052345e+04 2.5161127830e+04 1.0133052362e+04 1.0133052327e+04 5.3265408011e+00 2.1169721950e-04
1.0140553278e+04 5.5238231714e+06 1.0140553262e+04 1.0140553294e+04 1.7999387027e+00 3.2585016697e-07
1.0175226445e+04 6.2574273702e+04 1.0175226462e+04 1.0175226428e+04 2.0932836573e+00 3.3452783923e-05
1.0183517464e+04 4.7138606971e+03 1.0183517462e+04 1.0183517465e+04 4.9995681588e+00 1.0606100774e-03
1.0209859279e+04 5.2165521846e+04 1.0209859262e+04 1.0209859295e+04 2.0550108295e+00 3.9394043360e-05
1.0234188352e+04 1.2415480759e+03 1.0234188362e+04 1.0234188342e+04 4.9885011792e+00 4.0179685958e-03
1.0244199577e+04 2.3568461282e+04 1.0244199562e+04 1.0244199592e+04 2.1051791281e+00 8.9321873960e-05
1.0278344841e+04 1.3653702028e+04 1.0278344862e+04 1.0278344819e+04 2.1306204784e+00 1.5604709067e-04
1.0285120354e+04 4.2516091841e+02 1.0285120362e+04 1.0285120346e+04 4.9062931210e+00 1.1539849757e-02
1.0312364667e+04 4.3073815263e+03 1.0312364662e+04 1.0312364671e+04 2.2258448215e+00 5.1675125779e-04
1.0335919338e+04 1.8219944979e+02 1.0335919362e+04 1.0335919313e+04 4.5731346888e+00 2.5099607568e-02
1.0346448577e+04 8.9253550331e+02 1.0346448562e+04 1.0346448591e+04 2.5082690119e+00 2.8102736559e-03
1.0379323348e+04 3.4136441919e+03 1.0379323362e+04 1.0379323334e+04 2.0278922920e+00 5.9405496824e-04
1.0387699085e+04 9.3820432166e+01 1.0387699062e+04 1.0387699108e+04 4.9858124272e+00 5.3142074835e-02
1.0413445154e+04 2.1346001150e+03 1.0413445162e+04 1.0413445146e+04 2.1771313460e+00 1.0199246832e-03
1.0437388847e+04 5.7527919270e+01 1.0437388862e+04 1.0437388832e+04 4.4490580215e+00 7.7337370758e-02
1.0447941979e+04 1.7211572785e+02 1.0447941962e+04 1.0447941995e+04 2.6503745029e+00 1.5398793219e-02
1.0478754651e+04 2.6789931246e+02 1.0478754662e+04 1.0478754639e+04 2.2687182767e+00 8.4685483358e-03
1.0490644355e+04 3.7596973413e+01 1.0490644362e+04 1.0490644347e+04 4.7915509492e+00 1.2744512428e-01
1.0513070462e+04 9.0682835409e+04 1.0513070462e+04 1.0513070461e+04 2.1056493386e+00 2.3219932737e-05
1.0539064049e+04 3.1052867180e+01 1.0539064062e+04 1.0539064036e+04 4.6086515887e+00 1.4841307767e-01
1.0548010257e+04 7.8446235310e+01 1.0548010262e+04 1.0548010251e+04 2.4159914177e+00 3.0798054338e-02
1.0577952556e+04 1.1602038800e+02 1.0577952562e+04 1.0577952550e+04 2.6483933075e+00 2.2826964752e-02
1.0592601759e+04 2.2835345640e+01 1.0592601762e+04 1.0592601756e+04 4.3989044916e+00 1.9263577442e-01
1.0611777685e+04 6.1376751029e+02 1.0611777662e+04 1.0611777708e+04 2.2937400130e+00 3.7371479828e-03
1.0641038363e+04 2.4051785182e+01 1.0641038362e+04 1.0641038363e+04 4.7978491064e+00 1.9947995835e-01
1.0646171463e+04 7.2802551972e+01 1.0646171462e+04 1.0646171463e+04 2.0685891393e+00 2.8413689950e-02
1.0677365773e+04 1.0624932634e+02 1.0677365762e+04 1.0677365783e+04 2.8629806431e+00 2.6945871017e-02
1.0692708265e+04 1.9634408380e+01 1.0692708262e+04 1.0692708267e+04 3.9779471475e+00 2.0260081539e-01
1.0710505940e+04 1.6152879481e+02 1.0710505962e+04 1.0710505918e+04 2.7049362846e+00 1.6745845766e-02
1.0742091681e+04 2.0911476032e+01 1.0742091662e+04 1.0742091700e+04 3.5849490585e+00 1.7143452968e-01
1.0743511376e+04 8.0456669165e+01 1.0743511362e+04 1.0743511389e+04 3.1898528116e+00 3.9646841520e-02
1.0776368804e+04 2.0982850822e+02 1.0776368762e+04 1.0776368845e+04 2.6665609945e+00 1.2708287435e-02
1.0791281658e+04 2.3871694763e+01 1.0791281662e+04 1.0791281653e+04 3.9687328316e+00 1.6625266329e-01
1.0809405089e+04 1.3510558105e+02 1.0809405062e+04 1.0809405116e+04 2.9068000339e+00 2.1515025592e-02
1.0838192285e+04 4.4391909949e+01 1.0838192162e+04 1.0838192407e+04 2.4583184360e+00 5.5377622608e-02
1.0844290118e+04 4.4809239550e+01 1.0844290062e+04 1.0844290174e+04 4.3654701497e+00 9.7423437521e-02
1.0873944006e+04 2.3743661747e+03 1.0873943662e+04 1.0873944350e+04 2.2481711426e+00 9.4685106560e-04
1.0889648306e+04 3.9464330628e+01 1.0889648262e+04 1.0889648349e+04 4.3837889503e+00 1.1108230852e-01
1.0907548204e+04 2.2582623858e+02 1.0907547562e+04 1.0907548845e+04 2.6640414456e+00 1.1796864095e-02
1.0934044354e+04 8.4183649782e+01 1.0934043462e+04 1.0934045246e+04 2.9009629056e+00 3.4459932696e-02
1.0944096843e+04 7.3208496235e+01 1.0944096362e+04 1.0944097323e+04 4.0530867488e+00 5.5363611565e-02
1.0970032122e+04 3.0228284054e+03 1.0970029262e+04 1.0970034981e+04 2.1560839024e+00 7.1326705100e-04
1.0988359094e+04 7.9419168616e+01 1.0988359062e+04 1.0988359125e+04 4.6807177419e+00 5.8936876619e-02
1.1030709297e+04 1.8473504709e+02 1.1030704662e+04 1.1030713931e+04 3.5287468923e+00 1.9101664508e-02
1.1041861651e+04 1.4354006504e+02 1.1041857062e+04 1.1041866240e+04 3.4293463418e+00 2.3891213514e-02
1.1086605093e+04 1.7860328126e+02 1.1086604662e+04 1.1086605524e+04 4.5401415994e+00 2.5420258617e-02
1.1324374821e+04 2.9333551016e+03 1.1324372762e+04 1.1324376879e+04 4.7047293818e+00 1.6038731142e-03
