2.500000000000000000e+00 8.716838023806483093e+00
2.515639999999999876e+00 8.729868819748524800e+00
2.531289999999999818e+00 8.742881393302265991e+00
2.546930000000000138e+00 8.755860588823237478e+00
2.562580000000000080e+00 8.768829721983980363e+00
2.578219999999999956e+00 8.781785059963020501e+00
2.593869999999999898e+00 8.794756369916083116e+00
2.609510000000000218e+00 8.807740264071618697e+00
2.625160000000000160e+00 8.820766546102218442e+00
2.640800000000000036e+00 8.833831757984459188e+00
2.656449999999999978e+00 8.846965389460324403e+00
2.672089999999999854e+00 8.860158721271176319e+00
2.687730000000000175e+00 8.873425218600562658e+00
2.703380000000000116e+00 8.886778487189348041e+00
2.719019999999999992e+00 8.900206512067917686e+00
2.734669999999999934e+00 8.913731518839535184e+00
2.750309999999999810e+00 8.927341273060870108e+00
2.765960000000000196e+00 8.941058344729382767e+00
2.781600000000000072e+00 8.954870952854488309e+00
2.797250000000000014e+00 8.968802706315857520e+00
2.812889999999999890e+00 8.982841741697248139e+00
2.828539999999999832e+00 8.997011957535979931e+00
2.844180000000000152e+00 9.011301185671568348e+00
2.859820000000000029e+00 9.025724375864065507e+00
2.875469999999999970e+00 9.040295540512380157e+00
2.891109999999999847e+00 9.054997380918393901e+00
2.906759999999999788e+00 9.069849483447400829e+00
2.922400000000000109e+00 9.084833653164913869e+00
2.938050000000000050e+00 9.099969837471146406e+00
2.953689999999999927e+00 9.115239478387813676e+00
2.969339999999999868e+00 9.130662887787607929e+00
2.984980000000000189e+00 9.146221114641676309e+00
3.000630000000000130e+00 9.161934779610010793e+00
3.016270000000000007e+00 9.177784523429297181e+00
3.031909999999999883e+00 9.193781061948428146e+00
3.047559999999999825e+00 9.209935486510334002e+00
3.063200000000000145e+00 9.226227874580649413e+00
3.078850000000000087e+00 9.242679614095283824e+00
3.094489999999999963e+00 9.259267851040020147e+00
3.110139999999999905e+00 9.276010202062913379e+00
3.125779999999999781e+00 9.292881636827408087e+00
3.141430000000000167e+00 9.309900092598798693e+00
3.157070000000000043e+00 9.327040186191005944e+00
3.172719999999999985e+00 9.344320198422810364e+00
3.188359999999999861e+00 9.361714685042082706e+00
3.204009999999999803e+00 9.379244250402363647e+00
3.219650000000000123e+00 9.396885524742659257e+00
3.235289999999999999e+00 9.414648703822896536e+00
3.250939999999999941e+00 9.432544295229678966e+00
3.266579999999999817e+00 9.450548462929436511e+00
3.282230000000000203e+00 9.468683262648768917e+00
3.297870000000000079e+00 9.486923699846609992e+00
3.313520000000000021e+00 9.505288630517554793e+00
3.329159999999999897e+00 9.523749607390444183e+00
3.344809999999999839e+00 9.542325255897358360e+00
3.360450000000000159e+00 9.560986859479159605e+00
3.376100000000000101e+00 9.579753300123817539e+00
3.391739999999999977e+00 9.598595617448379969e+00
3.407379999999999853e+00 9.617520798586532749e+00
3.423029999999999795e+00 9.636536042633746746e+00
3.438670000000000115e+00 9.655612071247453798e+00
3.454320000000000057e+00 9.674768296370899634e+00
3.469959999999999933e+00 9.693975259494006735e+00
3.485609999999999875e+00 9.713252539995465895e+00
3.501250000000000195e+00 9.732570524661838363e+00
3.516900000000000137e+00 9.751948934843087002e+00
3.532540000000000013e+00 9.771358028086574166e+00
3.548189999999999955e+00 9.790817642249399100e+00
3.563829999999999831e+00 9.810297931103859170e+00
3.579470000000000152e+00 9.829806342206511616e+00
3.595120000000000093e+00 9.849350395049322415e+00
3.610759999999999970e+00 9.868900166776057858e+00
3.626409999999999911e+00 9.888475945501271624e+00
3.642049999999999788e+00 9.908048116786234871e+00
3.657700000000000173e+00 9.927637108181812664e+00
3.673340000000000050e+00 9.947213288951351373e+00
3.688989999999999991e+00 9.966797091772935602e+00
3.704629999999999868e+00 9.986358892536113530e+00
3.720279999999999809e+00 1.000591879002051776e+01
3.735920000000000130e+00 1.002544570610924168e+01
3.751560000000000006e+00 1.004494579521546349e+01
3.767209999999999948e+00 1.006442514313018677e+01
3.782849999999999824e+00 1.008385250361779484e+01
3.798500000000000210e+00 1.010324636193382020e+01
3.814140000000000086e+00 1.012257558109452127e+01
3.829790000000000028e+00 1.014185852085500983e+01
3.845429999999999904e+00 1.016106418598049643e+01
3.861079999999999846e+00 1.018021077822861642e+01
3.876720000000000166e+00 1.019926747661060240e+01
3.892370000000000108e+00 1.021825229238952026e+01
3.908009999999999984e+00 1.023713461131970348e+01
3.923649999999999860e+00 1.025592025575529931e+01
3.939299999999999802e+00 1.027461510917831866e+01
3.954940000000000122e+00 1.029318956143084485e+01
3.970590000000000064e+00 1.031166165507261390e+01
3.986229999999999940e+00 1.033000207852161090e+01
4.001879999999999882e+00 1.034822857506801164e+01
4.017520000000000202e+00 1.036631214699190195e+01
4.033170000000000144e+00 1.038427012083575462e+01
4.048809999999999576e+00 1.040207293303860681e+01
4.064460000000000406e+00 1.041973628298989674e+01
4.080099999999999838e+00 1.043723053292168679e+01
4.095740000000000158e+00 1.045455995721645159e+01
4.111390000000000100e+00 1.047172840864031684e+01
4.127030000000000420e+00 1.048870688188353917e+01
4.142680000000000362e+00 1.050551001772849524e+01
4.158319999999999794e+00 1.052210927772240545e+01
4.173969999999999736e+00 1.053851881772022026e+01
4.189610000000000056e+00 1.055471060226704871e+01
4.205259999999999998e+00 1.057069826614949548e+01
4.220900000000000318e+00 1.058645431305147611e+01
4.236550000000000260e+00 1.060199182683159336e+01
4.252189999999999692e+00 1.061728521788057122e+01
4.267830000000000013e+00 1.063234171187812649e+01
4.283479999999999954e+00 1.064716832861257778e+01
4.299120000000000275e+00 1.066174374197707309e+01
4.314770000000000216e+00 1.067608421022599785e+01
4.330409999999999648e+00 1.069016902852851914e+01
4.346059999999999590e+00 1.070401369650776502e+01
4.361699999999999910e+00 1.071759383210112304e+01
4.377349999999999852e+00 1.073091514980318983e+01
4.392990000000000173e+00 1.074394869696886978e+01
4.408640000000000114e+00 1.075669920177096373e+01
4.424280000000000435e+00 1.076913844103772355e+01
4.439919999999999867e+00 1.078126273414576453e+01
4.455569999999999808e+00 1.079306823822126304e+01
4.471210000000000129e+00 1.080453596417071438e+01
4.486860000000000070e+00 1.081568139784569738e+01
4.502500000000000391e+00 1.082649119339588850e+01
4.518150000000000333e+00 1.083698007236987060e+01
4.533789999999999765e+00 1.084713552796486269e+01
4.549439999999999706e+00 1.085697144497759048e+01
4.565080000000000027e+00 1.086647463506537648e+01
4.580729999999999968e+00 1.087564855098911920e+01
4.596370000000000289e+00 1.088447009982536073e+01
4.612020000000000231e+00 1.089293918182427845e+01
4.627659999999999663e+00 1.090103360306989266e+01
4.643299999999999983e+00 1.090874752595090946e+01
4.658949999999999925e+00 1.091607414490230354e+01
4.674590000000000245e+00 1.092299558672767290e+01
4.690240000000000187e+00 1.092951974692918427e+01
4.705879999999999619e+00 1.093563856886644814e+01
4.721529999999999561e+00 1.094136015830399700e+01
4.737169999999999881e+00 1.094667748425097820e+01
4.752819999999999823e+00 1.095159762754099475e+01
4.768460000000000143e+00 1.095611453877319619e+01
4.784110000000000085e+00 1.096023230066402654e+01
4.799750000000000405e+00 1.096394128174815741e+01
4.815389999999999837e+00 1.096723967829170476e+01
4.831039999999999779e+00 1.097012463630458790e+01
4.846680000000000099e+00 1.097258790278682028e+01
4.862330000000000041e+00 1.097462805764972771e+01
4.877970000000000361e+00 1.097623803747680959e+01
4.893620000000000303e+00 1.097741702454893620e+01
4.909259999999999735e+00 1.097816182415664876e+01
4.924909999999999677e+00 1.097847172799818338e+01
4.940549999999999997e+00 1.097834468071410896e+01
4.956199999999999939e+00 1.097777885910893581e+01
4.971840000000000259e+00 1.097677332696117958e+01
4.987479999999999691e+00 1.097532638059768395e+01
5.003129999999999633e+00 1.097343631677353493e+01
5.018769999999999953e+00 1.097110564175069847e+01
5.034419999999999895e+00 1.096833146713572837e+01
5.050060000000000215e+00 1.096511743013069307e+01
5.065710000000000157e+00 1.096145951272323771e+01
5.081349999999999589e+00 1.095736248149919767e+01
5.097000000000000419e+00 1.095282118929758397e+01
5.112639999999999851e+00 1.094784153161772267e+01
5.128289999999999793e+00 1.094241723262029709e+01
5.143930000000000113e+00 1.093655531624781041e+01
5.159570000000000434e+00 1.093025254936237545e+01
5.175220000000000375e+00 1.092350457115097662e+01
5.190859999999999808e+00 1.091632012618790526e+01
5.206509999999999749e+00 1.090869214865741554e+01
5.222150000000000070e+00 1.090063576067965734e+01
5.237800000000000011e+00 1.089214633765462814e+01
5.253440000000000332e+00 1.088324040153494465e+01
5.269090000000000273e+00 1.087391224134190537e+01
5.284729999999999706e+00 1.086417945089672088e+01
5.300379999999999647e+00 1.085403518864569072e+01
5.316019999999999968e+00 1.084349667509038717e+01
5.331660000000000288e+00 1.083256063374342837e+01
5.347310000000000230e+00 1.082122273123606959e+01
5.362949999999999662e+00 1.080950049528487611e+01
5.378599999999999604e+00 1.079738197679311895e+01
5.394239999999999924e+00 1.078488570106967259e+01
5.409889999999999866e+00 1.077199903728846841e+01
5.425530000000000186e+00 1.075874418707481261e+01
5.441180000000000128e+00 1.074511105472778105e+01
5.456819999999999560e+00 1.073112391750329664e+01
5.472470000000000390e+00 1.071677174960356638e+01
5.488109999999999822e+00 1.070207974717978949e+01
5.503750000000000142e+00 1.068704570359103911e+01
5.519400000000000084e+00 1.067166689812460412e+01
5.535040000000000404e+00 1.065597155802182527e+01
5.550690000000000346e+00 1.063994851383156792e+01
5.566329999999999778e+00 1.062362713602103703e+01
5.581979999999999720e+00 1.060699545457937276e+01
5.597620000000000040e+00 1.059008361778496266e+01
5.613269999999999982e+00 1.057287889485960619e+01
5.628910000000000302e+00 1.055541150581374410e+01
5.644560000000000244e+00 1.053766609881830796e+01
5.660199999999999676e+00 1.051967218907190116e+01
5.675839999999999996e+00 1.050142535587637305e+01
5.691489999999999938e+00 1.048292053156714410e+01
5.707130000000000258e+00 1.046418820184417520e+01
5.722780000000000200e+00 1.044521127869941246e+01
5.738419999999999632e+00 1.042602143279656879e+01
5.754069999999999574e+00 1.040660212379938976e+01
5.769709999999999894e+00 1.038698618714089328e+01
5.785359999999999836e+00 1.036715656376436456e+01
5.801000000000000156e+00 1.034714661346623465e+01
5.816650000000000098e+00 1.032693877333603716e+01
5.832290000000000418e+00 1.030656703514771877e+01
5.847929999999999851e+00 1.028602811385832538e+01
5.863579999999999792e+00 1.026531907272305055e+01
5.879220000000000113e+00 1.024447673436970163e+01
5.894870000000000054e+00 1.022348481242199369e+01
5.910510000000000375e+00 1.020238049101676125e+01
5.926160000000000316e+00 1.018114714876102944e+01
5.941799999999999748e+00 1.015982217659409947e+01
5.957449999999999690e+00 1.013838811002410445e+01
5.973090000000000011e+00 1.011688200851904540e+01
5.988739999999999952e+00 1.009528604659549167e+01
6.004380000000000273e+00 1.007363749060923830e+01
6.020030000000000214e+00 1.005191833290999526e+01
6.035669999999999646e+00 1.003016599162080524e+01
6.051309999999999967e+00 1.000837498244242063e+01
6.066959999999999908e+00 9.986536822894013454e+00
6.082600000000000229e+00 9.964684507082766984e+00
6.098250000000000171e+00 9.942795181123173620e+00
6.113889999999999603e+00 9.920901904510801117e+00
6.129540000000000433e+00 9.898981770980599393e+00
6.145179999999999865e+00 9.877067936951641869e+00
6.160829999999999806e+00 9.855139415537699676e+00
6.176470000000000127e+00 9.833233524509660484e+00
6.192120000000000068e+00 9.811331687225969489e+00
6.207760000000000389e+00 9.789471321223501832e+00
6.223399999999999821e+00 9.767647847892204638e+00
6.239049999999999763e+00 9.745856782991742406e+00
6.254690000000000083e+00 9.724135253887954633e+00
6.270340000000000025e+00 9.702463030681515832e+00
6.285980000000000345e+00 9.680874223185243821e+00
6.301630000000000287e+00 9.659347624369752694e+00
6.317269999999999719e+00 9.637917138954643193e+00
6.332919999999999661e+00 9.616561762368450061e+00
6.348559999999999981e+00 9.595315180516422515e+00
6.364209999999999923e+00 9.574156379684005458e+00
6.379850000000000243e+00 9.553117231071238891e+00
6.395489999999999675e+00 9.532188566776364169e+00
6.411139999999999617e+00 9.511361501176951450e+00
6.426779999999999937e+00 9.490667037416910645e+00
6.442429999999999879e+00 9.470083102813688924e+00
6.458070000000000199e+00 9.449640390323724048e+00
6.473720000000000141e+00 9.429317459157342540e+00
6.489359999999999573e+00 9.409145807509174730e+00
6.505010000000000403e+00 9.389105309342758332e+00
6.520649999999999835e+00 9.369227239603633350e+00
6.536299999999999777e+00 9.349491847679786360e+00
6.551940000000000097e+00 9.329930018604615682e+00
6.567580000000000418e+00 9.310534725330981587e+00
6.583230000000000359e+00 9.291298082206470355e+00
6.598869999999999791e+00 9.272247220922304578e+00
6.614519999999999733e+00 9.253360194436620390e+00
6.630160000000000053e+00 9.234663552140796483e+00
6.645809999999999995e+00 9.216135799958438568e+00
6.661450000000000315e+00 9.197803028144431181e+00
6.677100000000000257e+00 9.179644282687622336e+00
6.692739999999999689e+00 9.161686351717269972e+00
6.708389999999999631e+00 9.143910688365318506e+00
6.724029999999999951e+00 9.126344443368306969e+00
6.739670000000000272e+00 9.108980627993396695e+00
6.755320000000000213e+00 9.091812771313318109e+00
6.770959999999999646e+00 9.074867247314877261e+00
6.786609999999999587e+00 9.058126337616146273e+00
6.802249999999999908e+00 9.041612217040107424e+00
6.817899999999999849e+00 9.025303280326438582e+00
6.833540000000000170e+00 9.009219879151212140e+00
6.849190000000000111e+00 8.993340955671550674e+00
6.864830000000000432e+00 8.977686312025854320e+00
6.880480000000000373e+00 8.962235438867212522e+00
6.896119999999999806e+00 8.947008208121115302e+00
6.911760000000000126e+00 8.931996775147734269e+00
6.927410000000000068e+00 8.917194240586022502e+00
6.943050000000000388e+00 8.902622011551498460e+00
6.958700000000000330e+00 8.888263945741719851e+00
6.974339999999999762e+00 8.874140882261013275e+00
6.989989999999999704e+00 8.860237242616630482e+00
7.005630000000000024e+00 8.846572521285962054e+00
7.021279999999999966e+00 8.833129728193124919e+00
7.036920000000000286e+00 8.819926410000730854e+00
7.052570000000000228e+00 8.806946050357726818e+00
7.068209999999999660e+00 8.794205604957463507e+00
7.083849999999999980e+00 8.781697072873662080e+00
7.099499999999999922e+00 8.769413061564991452e+00
7.115140000000000242e+00 8.757369936438896829e+00
7.130790000000000184e+00 8.745553217840111415e+00
7.146429999999999616e+00 8.733978935805950528e+00
7.162079999999999558e+00 8.722633219055646592e+00
7.177719999999999878e+00 8.711531495707220074e+00
7.193369999999999820e+00 8.700660498774889007e+00
7.209010000000000140e+00 8.690034658509361520e+00
7.224660000000000082e+00 8.679637838866481658e+00
7.240300000000000402e+00 8.669479319946647777e+00
7.255939999999999834e+00 8.659548370351762614e+00
7.271589999999999776e+00 8.649834840795497470e+00
7.287230000000000096e+00 8.640347129423631145e+00
7.302880000000000038e+00 8.631069084881424658e+00
7.318520000000000358e+00 8.622009298601064131e+00
7.334170000000000300e+00 8.613155786884929555e+00
7.349809999999999732e+00 8.604520151573414211e+00
7.365459999999999674e+00 8.596091637348118653e+00
7.381099999999999994e+00 8.587881302921658744e+00
7.396749999999999936e+00 8.579878936838664316e+00
7.412390000000000256e+00 8.572095047241951704e+00
7.428040000000000198e+00 8.564519239253717942e+00
7.443679999999999630e+00 8.557159351994727103e+00
7.459319999999999951e+00 8.550008474549231963e+00
7.474969999999999892e+00 8.543060230638888086e+00
7.490610000000000213e+00 8.536321496483759930e+00
7.506260000000000154e+00 8.529781649743817695e+00
7.521899999999999586e+00 8.523447041968323035e+00
7.537550000000000416e+00 8.517307496657281263e+00
7.553189999999999849e+00 8.511368714838095428e+00
7.568839999999999790e+00 8.505620951994593781e+00
7.584480000000000111e+00 8.500069405176260418e+00
7.600130000000000052e+00 8.494704825052348696e+00
7.615770000000000373e+00 8.489531918981976233e+00
7.631409999999999805e+00 8.484544924996916038e+00
7.647059999999999746e+00 8.479737338389869095e+00
7.662700000000000067e+00 8.475111130682915217e+00
7.678350000000000009e+00 8.470656202659711198e+00
7.693990000000000329e+00 8.466374067733010378e+00
7.709640000000000271e+00 8.462255066677240478e+00
7.725279999999999703e+00 8.458300283605517222e+00
7.740929999999999644e+00 8.454500968572247643e+00
7.756569999999999965e+00 8.450860530932322590e+00
7.772219999999999906e+00 8.447373510143146191e+00
7.787860000000000227e+00 8.444043557947033207e+00
7.803499999999999659e+00 8.440867592472905301e+00
7.819149999999999601e+00 8.437842925740572042e+00
7.834789999999999921e+00 8.434972611109802898e+00
7.850439999999999863e+00 8.432250343698802553e+00
7.866080000000000183e+00 8.429672793581723056e+00
7.881730000000000125e+00 8.427229266083077874e+00
7.897369999999999557e+00 8.424915491648821586e+00
7.913020000000000387e+00 8.422721112912517683e+00
7.928659999999999819e+00 8.420641541919152928e+00
7.944309999999999761e+00 8.418666826368887968e+00
7.959950000000000081e+00 8.416795750484379113e+00
7.975590000000000401e+00 8.415027593071668477e+00
7.991240000000000343e+00 8.413362156881891707e+00
8.006880000000000663e+00 8.411802404293299062e+00
8.022529999999999717e+00 8.410347175473752657e+00
8.038169999999999149e+00 8.408999164165884110e+00
8.053819999999999979e+00 8.407757163633220898e+00
8.069459999999999411e+00 8.406619500012931567e+00
8.085110000000000241e+00 8.405578972280482120e+00
8.100749999999999673e+00 8.404631125511604850e+00
8.116400000000000503e+00 8.403768958021807123e+00
8.132039999999999935e+00 8.402987786950411930e+00
8.147679999999999367e+00 8.402281252858575300e+00
8.163330000000000197e+00 8.401643601424495955e+00
8.178969999999999629e+00 8.401072549628318953e+00
8.194620000000000459e+00 8.400565043644689922e+00
8.210259999999999891e+00 8.400119411114895129e+00
8.225910000000000721e+00 8.399732759268847104e+00
8.241550000000000153e+00 8.399403261301646495e+00
8.257199999999999207e+00 8.399128172106713919e+00
8.272840000000000416e+00 8.398904973300060917e+00
8.288489999999999469e+00 8.398729013843622582e+00
8.304130000000000678e+00 8.398595905224812697e+00
8.319770000000000110e+00 8.398500909444162943e+00
8.335419999999999163e+00 8.398439385993068385e+00
8.351060000000000372e+00 8.398406800114853965e+00
8.366709999999999425e+00 8.398398523204935628e+00
8.382350000000000634e+00 8.398411447591582757e+00
8.397999999999999687e+00 8.398444557631494334e+00
8.413639999999999119e+00 8.398496939449854537e+00
8.429289999999999949e+00 8.398567787726321399e+00
8.444929999999999382e+00 8.398656140358301769e+00
8.460580000000000211e+00 8.398761238023936926e+00
8.476219999999999644e+00 8.398882074851444557e+00
8.491860000000000852e+00 8.399017841661203576e+00
8.507509999999999906e+00 8.399167767463797674e+00
8.523149999999999338e+00 8.399330789099094474e+00
8.538800000000000168e+00 8.399506242729888328e+00
8.554439999999999600e+00 8.399693032572626450e+00
8.570090000000000430e+00 8.399890525184233070e+00
8.585729999999999862e+00 8.400097064479556508e+00
8.601380000000000692e+00 8.400307988297770478e+00
8.617020000000000124e+00 8.400516677001521160e+00
8.632669999999999177e+00 8.400717037866987980e+00
8.648310000000000386e+00 8.400902460670366168e+00
8.663949999999999818e+00 8.401066726030093079e+00
8.679600000000000648e+00 8.401203561016398424e+00
8.695240000000000080e+00 8.401308464800305131e+00
8.710889999999999134e+00 8.401383829480257859e+00
8.726530000000000342e+00 8.401433148091472347e+00
8.742179999999999396e+00 8.401460076109430020e+00
8.757820000000000604e+00 8.401468168469229170e+00
8.773469999999999658e+00 8.401461027927364711e+00
8.789110000000000866e+00 8.401442221388720100e+00
8.804759999999999920e+00 8.401412937700452943e+00
8.820399999999999352e+00 8.401370504741603185e+00
8.836050000000000182e+00 8.401311783172173975e+00
8.851689999999999614e+00 8.401233765585910618e+00
8.867330000000000823e+00 8.401133339175203218e+00
8.882979999999999876e+00 8.401007333811707056e+00
8.898619999999999308e+00 8.400852880557229341e+00
8.914270000000000138e+00 8.400667758004473740e+00
8.929909999999999570e+00 8.400451088417513645e+00
8.945560000000000400e+00 8.400201511920432296e+00
8.961199999999999832e+00 8.399918265578406817e+00
8.976850000000000662e+00 8.399599904379000392e+00
8.992490000000000094e+00 8.399245753291168626e+00
9.008139999999999148e+00 8.398854552708874266e+00
9.023780000000000356e+00 8.398428205000202595e+00
9.039419999999999789e+00 8.397968933786099655e+00
9.055070000000000618e+00 8.397478885209748611e+00
9.070710000000000051e+00 8.396961155329996984e+00
9.086360000000000881e+00 8.396417553992627347e+00
9.102000000000000313e+00 8.395851245693473075e+00
9.117649999999999366e+00 8.395262887162823873e+00
9.133290000000000575e+00 8.394650380484005581e+00
9.148939999999999628e+00 8.394009063614001676e+00
9.164580000000000837e+00 8.393335880644956504e+00
9.180229999999999890e+00 8.392626091942695155e+00
9.195869999999999322e+00 8.391876729103300292e+00
9.211510000000000531e+00 8.391083494465501502e+00
9.227159999999999584e+00 8.390244188823299254e+00
9.242800000000000793e+00 8.389362585045383014e+00
9.258449999999999847e+00 8.388440766841704033e+00
9.274089999999999279e+00 8.387483120599751985e+00
9.289740000000000109e+00 8.386491632788478867e+00
9.305379999999999541e+00 8.385470778830017125e+00
9.321030000000000371e+00 8.384422420732255077e+00
9.336669999999999803e+00 8.383349961115467153e+00
9.352320000000000633e+00 8.382252931838831245e+00
9.367960000000000065e+00 8.381133582077685773e+00
9.383599999999999497e+00 8.379992065162536363e+00
9.399250000000000327e+00 8.378828477721334878e+00
9.414889999999999759e+00 8.377645153987776538e+00
9.430540000000000589e+00 8.376441275789126450e+00
9.446180000000000021e+00 8.375217579312488780e+00
9.461830000000000851e+00 8.373970848150403157e+00
9.477470000000000283e+00 8.372701015715463768e+00
9.493119999999999337e+00 8.371404796911775748e+00
9.508760000000000545e+00 8.370082188394928124e+00
9.524409999999999599e+00 8.368729837580422881e+00
9.540050000000000807e+00 8.367348182911845456e+00
9.555690000000000239e+00 8.365936798907874561e+00
9.571339999999999293e+00 8.364495683235569246e+00
9.586980000000000501e+00 8.363027605640970918e+00
9.602629999999999555e+00 8.361531617642949499e+00
9.618270000000000763e+00 8.360010559111932693e+00
9.633919999999999817e+00 8.358463413816229703e+00
9.649559999999999249e+00 8.356893087003005149e+00
9.665210000000000079e+00 8.355298499437649795e+00
9.680849999999999511e+00 8.353682616996428223e+00
9.696500000000000341e+00 8.352044302189451486e+00
9.712139999999999773e+00 8.350386576774443625e+00
9.727779999999999205e+00 8.348709328210965452e+00
9.743430000000000035e+00 8.347012394019289516e+00
9.759069999999999467e+00 8.345298870870077934e+00
9.774720000000000297e+00 8.343567496413207607e+00
9.790359999999999729e+00 8.341821411332468017e+00
9.806010000000000559e+00 8.340059311638441386e+00
9.821649999999999991e+00 8.338284377280388071e+00
9.837300000000000821e+00 8.336495267377227236e+00
9.852940000000000254e+00 8.334695153006178359e+00
9.868589999999999307e+00 8.332882091034802485e+00
9.884230000000000516e+00 8.331058406960002216e+00
9.899869999999999948e+00 8.329222948204744625e+00
9.915520000000000778e+00 8.327374532072925106e+00
9.931160000000000210e+00 8.325515522922424694e+00
9.946809999999999263e+00 8.323643545670275756e+00
9.962450000000000472e+00 8.321760994784423104e+00
9.978099999999999525e+00 8.319865465077375788e+00
9.993740000000000734e+00 8.317959381116065032e+00
1.000939999999999941e+01 8.316039077610719588e+00
1.002500000000000036e+01 8.314114411790750836e+00
1.004069999999999929e+01 8.312165600525588616e+00
1.005630000000000024e+01 8.310217471873485806e+00
1.007199999999999918e+01 8.308245261419887839e+00
1.008760000000000012e+01 8.306274874913430750e+00
1.010330000000000084e+01 8.304281938313906153e+00
1.011890000000000001e+01 8.302292719146299405e+00
1.013449999999999918e+01 8.300295429212361853e+00
1.015019999999999989e+01 8.298278073039490721e+00
1.016580000000000084e+01 8.296267230708609830e+00
1.018149999999999977e+01 8.294238086357541562e+00
1.019710000000000072e+01 8.292217552951017367e+00
1.021279999999999966e+01 8.290180807787574935e+00
1.022840000000000060e+01 8.288154869062875463e+00
1.024409999999999954e+01 8.286114844776509614e+00
1.025970000000000049e+01 8.284087794896404233e+00
1.027529999999999966e+01 8.282061728319595417e+00
1.029100000000000037e+01 8.280023648477882858e+00
1.030659999999999954e+01 8.277998701859663910e+00
1.032230000000000025e+01 8.275960082939382900e+00
1.033789999999999942e+01 8.273932923879138812e+00
1.035360000000000014e+01 8.271890390788733782e+00
1.036919999999999931e+01 8.269857665692295967e+00
1.038490000000000002e+01 8.267807843340197138e+00
1.040049999999999919e+01 8.265766198613409443e+00
1.041610000000000014e+01 8.263718856075138675e+00
1.043180000000000085e+01 8.261651793956740875e+00
1.044740000000000002e+01 8.259590506754051376e+00
1.046310000000000073e+01 8.257507723036571434e+00
1.047869999999999990e+01 8.255429137713550247e+00
1.049440000000000062e+01 8.253327910280775725e+00
1.050999999999999979e+01 8.251232747394389833e+00
1.052570000000000050e+01 8.249119185008986221e+00
1.054129999999999967e+01 8.247016524168216733e+00
1.055690000000000062e+01 8.244913679961054953e+00
1.057259999999999955e+01 8.242799562767233468e+00
1.058820000000000050e+01 8.240703469092895972e+00
1.060389999999999944e+01 8.238599990034314757e+00
1.061950000000000038e+01 8.236515822103212869e+00
1.063519999999999932e+01 8.234423993506259976e+00
1.065080000000000027e+01 8.232350902185093133e+00
1.066649999999999920e+01 8.230269718354195518e+00
1.068210000000000015e+01 8.228206704353086209e+00
1.069769999999999932e+01 8.226148339775381402e+00
1.071340000000000003e+01 8.224081223621737990e+00
1.072899999999999920e+01 8.222031439025593968e+00
1.074469999999999992e+01 8.219972455005599699e+00
1.076030000000000086e+01 8.217930251101142503e+00
1.077599999999999980e+01 8.215878393519222556e+00
1.079160000000000075e+01 8.213842771016572897e+00
1.080729999999999968e+01 8.211797060915854374e+00
1.082290000000000063e+01 8.209767315071863081e+00
1.083849999999999980e+01 8.207740590123094648e+00
1.085420000000000051e+01 8.205704021003629833e+00
1.086979999999999968e+01 8.203683648298692788e+00
1.088550000000000040e+01 8.201653667653875601e+00
1.090109999999999957e+01 8.199640035724778286e+00
1.091680000000000028e+01 8.197617028668917172e+00
1.093239999999999945e+01 8.195610485379329901e+00
1.094810000000000016e+01 8.193594743901343236e+00
1.096369999999999933e+01 8.191595544895523773e+00
1.097930000000000028e+01 8.189600099638115083e+00
1.099499999999999922e+01 8.187595715809552033e+00
1.101060000000000016e+01 8.185607989386975092e+00
1.102630000000000088e+01 8.183611499657601485e+00
1.104190000000000005e+01 8.181631742036783450e+00
1.105760000000000076e+01 8.179643397975862484e+00
1.107319999999999993e+01 8.177671859123718079e+00
1.108890000000000065e+01 8.175691912300523612e+00
1.110449999999999982e+01 8.173728842183972887e+00
1.112020000000000053e+01 8.171757544167768117e+00
1.113579999999999970e+01 8.169803192753732901e+00
1.115140000000000065e+01 8.167853280101915914e+00
1.116709999999999958e+01 8.165895412369190254e+00
1.118270000000000053e+01 8.163954592970952717e+00
1.119839999999999947e+01 8.162006002566529972e+00
1.121400000000000041e+01 8.160074526388795491e+00
1.122969999999999935e+01 8.158135464881945964e+00
1.124530000000000030e+01 8.156213581891627484e+00
1.126099999999999923e+01 8.154284300851623257e+00
1.127660000000000018e+01 8.152372261015642607e+00
1.129219999999999935e+01 8.150465220371547304e+00
1.130790000000000006e+01 8.148551065297025886e+00
1.132349999999999923e+01 8.146654242358335907e+00
1.133919999999999995e+01 8.144750496271967677e+00
1.135479999999999912e+01 8.142864141005603074e+00
1.137049999999999983e+01 8.140971055476658336e+00
1.138610000000000078e+01 8.139095417849535608e+00
1.140179999999999971e+01 8.137213244447284666e+00
1.141740000000000066e+01 8.135348574426323864e+00
1.143299999999999983e+01 8.133489464053337059e+00
1.144870000000000054e+01 8.131624120056255123e+00
1.146429999999999971e+01 8.129776392861229439e+00
1.148000000000000043e+01 8.127922685118079471e+00
1.149559999999999960e+01 8.126086701622284636e+00
1.151130000000000031e+01 8.124244995583898898e+00
1.152689999999999948e+01 8.122421118910448712e+00
1.154260000000000019e+01 8.120591780027661244e+00
1.155819999999999936e+01 8.118780373299669506e+00
1.157380000000000031e+01 8.116975317215933572e+00
1.158949999999999925e+01 8.115165193363894858e+00
1.160510000000000019e+01 8.113373151330227628e+00
1.162079999999999913e+01 8.111576307677072606e+00
1.163640000000000008e+01 8.109797642816591434e+00
1.165210000000000079e+01 8.108014444813145261e+00
1.166769999999999996e+01 8.106249520248969276e+00
1.168340000000000067e+01 8.104480333346064214e+00
1.169899999999999984e+01 8.102729512201308992e+00
1.171460000000000079e+01 8.100985855828401583e+00
1.173029999999999973e+01 8.099238347247554870e+00
1.174590000000000067e+01 8.097509338398674927e+00
1.176159999999999961e+01 8.095776753961656524e+00
1.177720000000000056e+01 8.094062755759921401e+00
1.179289999999999949e+01 8.092345460917563571e+00
1.180850000000000044e+01 8.090646836486092397e+00
1.182419999999999938e+01 8.088945196689216743e+00
1.183980000000000032e+01 8.087262309151125095e+00
1.185539999999999949e+01 8.085587400356597954e+00
1.187110000000000021e+01 8.083909766307051825e+00
1.188669999999999938e+01 8.082250356878880382e+00
1.190240000000000009e+01 8.080587406367772729e+00
1.191799999999999926e+01 8.078941611799530520e+00
1.193369999999999997e+01 8.077291382019334165e+00
1.194929999999999914e+01 8.075657252005456144e+00
1.196499999999999986e+01 8.074017785107702849e+00
1.198060000000000080e+01 8.072393633439796545e+00
1.199619999999999997e+01 8.070774469248229721e+00
1.201190000000000069e+01 8.069150121962195499e+00
1.202749999999999986e+01 8.067541443508552845e+00
1.204320000000000057e+01 8.065927970774911415e+00
1.205879999999999974e+01 8.064330417158803499e+00
1.207450000000000045e+01 8.062728451909730865e+00
1.209009999999999962e+01 8.061142474048505591e+00
1.210580000000000034e+01 8.059552016762005167e+00
1.212139999999999951e+01 8.057977204611237454e+00
1.213700000000000045e+01 8.056407754068999338e+00
1.215269999999999939e+01 8.054833519305548251e+00
1.216830000000000034e+01 8.053274418225543130e+00
1.218399999999999928e+01 8.051710376292996685e+00
1.219960000000000022e+01 8.050161578282635233e+00
1.221529999999999916e+01 8.048608576673803583e+00
1.223090000000000011e+01 8.047071560821214220e+00
1.224660000000000082e+01 8.045531234761030603e+00
1.226219999999999999e+01 8.044007626376007636e+00
1.227779999999999916e+01 8.042491307185132499e+00
1.229349999999999987e+01 8.040972915326724646e+00
1.230910000000000082e+01 8.039471678540122568e+00
1.232479999999999976e+01 8.037968149684223462e+00
1.234040000000000070e+01 8.036481283178309454e+00
1.235609999999999964e+01 8.034991816115640617e+00
1.237170000000000059e+01 8.033518523784376697e+00
1.238739999999999952e+01 8.032042317305654322e+00
1.240300000000000047e+01 8.030581803042998956e+00
1.241859999999999964e+01 8.029127360133356817e+00
1.243430000000000035e+01 8.027669523638865101e+00
1.244989999999999952e+01 8.026226665910510150e+00
1.246560000000000024e+01 8.024780088256651567e+00
1.248119999999999941e+01 8.023348019603549375e+00
1.249690000000000012e+01 8.021911899581038341e+00
1.251249999999999929e+01 8.020489823897147375e+00
1.252820000000000000e+01 8.019063360296707188e+00
1.254379999999999917e+01 8.017650481475993018e+00
1.255940000000000012e+01 8.016241889126348497e+00
1.257510000000000083e+01 8.014828395024762742e+00
1.259070000000000000e+01 8.013427806650971874e+00
1.260640000000000072e+01 8.012021975575493116e+00
1.262199999999999989e+01 8.010628688473305559e+00
1.263770000000000060e+01 8.009229993858809848e+00
1.265329999999999977e+01 8.007843621666918210e+00
1.266900000000000048e+01 8.006451709312804255e+00
1.268459999999999965e+01 8.005071900333161850e+00
1.270030000000000037e+01 8.003686416286921457e+00
1.271589999999999954e+01 8.002313189245780833e+00
1.273150000000000048e+01 8.000945134516484814e+00
1.274719999999999942e+01 7.999575670382081505e+00
1.276280000000000037e+01 7.998224366652183726e+00
1.277849999999999930e+01 7.996876041503304222e+00
1.279410000000000025e+01 7.995549995458610226e+00
1.280979999999999919e+01 7.994231357808149419e+00
1.282540000000000013e+01 7.992937305860916553e+00
1.284110000000000085e+01 7.991648104356605664e+00
1.285670000000000002e+01 7.990376636062604732e+00
1.287229999999999919e+01 7.989111130212263490e+00
1.288799999999999990e+01 7.987839969167095155e+00
1.290360000000000085e+01 7.986575805879732037e+00
1.291929999999999978e+01 7.985298964478576345e+00
1.293490000000000073e+01 7.984024939392385001e+00
1.295059999999999967e+01 7.982739529119462496e+00
1.296620000000000061e+01 7.981461366925066692e+00
1.298189999999999955e+01 7.980176344051453263e+00
1.299750000000000050e+01 7.978903088828854351e+00
1.301309999999999967e+01 7.977635656347672466e+00
1.302880000000000038e+01 7.976368082776204460e+00
1.304439999999999955e+01 7.975116912658525514e+00
1.306010000000000026e+01 7.973865509002068030e+00
1.307569999999999943e+01 7.972629209470798450e+00
1.309140000000000015e+01 7.971391555120787231e+00
1.310699999999999932e+01 7.970167708465600853e+00
1.312270000000000003e+01 7.968941370213570963e+00
1.313829999999999920e+01 7.967727663980763708e+00
1.315390000000000015e+01 7.966518766812924035e+00
1.316960000000000086e+01 7.965307130159737348e+00
1.318520000000000003e+01 7.964108342373346083e+00
1.320090000000000074e+01 7.962907189183160206e+00
1.321649999999999991e+01 7.961719125394021823e+00
1.323220000000000063e+01 7.960529074071221345e+00
1.324779999999999980e+01 7.959352305128772898e+00
1.326350000000000051e+01 7.958173738380518891e+00
1.327909999999999968e+01 7.957008378800063397e+00
1.329470000000000063e+01 7.955848692792770294e+00
1.331039999999999957e+01 7.954687292473360039e+00
1.332600000000000051e+01 7.953538964134821754e+00
1.334169999999999945e+01 7.952388975657938452e+00
1.335730000000000040e+01 7.951251920782405946e+00
1.337299999999999933e+01 7.950113106997847012e+00
1.338860000000000028e+01 7.948986923828343265e+00
1.340429999999999922e+01 7.947858814363547353e+00
1.341990000000000016e+01 7.946743031766778209e+00
1.343549999999999933e+01 7.945632256919060943e+00
1.345120000000000005e+01 7.944519326072960297e+00
1.346679999999999922e+01 7.943418659683822547e+00
1.348249999999999993e+01 7.942316622643552648e+00
1.349810000000000088e+01 7.941227730109730487e+00
1.351379999999999981e+01 7.940138502467557480e+00
1.352940000000000076e+01 7.939063291697561198e+00
1.354509999999999970e+01 7.937988793592176684e+00
1.356070000000000064e+01 7.936928916854762761e+00
1.357629999999999981e+01 7.935875552967332602e+00
1.359200000000000053e+01 7.934820235451412351e+00
1.360759999999999970e+01 7.933774641653780435e+00
1.362330000000000041e+01 7.932723585225567753e+00
1.363889999999999958e+01 7.931678689232180446e+00
1.365460000000000029e+01 7.930624777192318398e+00
1.367019999999999946e+01 7.929574298402203958e+00
1.368590000000000018e+01 7.928515060238678913e+00
1.370149999999999935e+01 7.927462215956389002e+00
1.371710000000000029e+01 7.926410674414845481e+00
1.373279999999999923e+01 7.925355377930696221e+00
1.374840000000000018e+01 7.924311429546106567e+00
1.376409999999999911e+01 7.923267107352525151e+00
1.377970000000000006e+01 7.922236736036881943e+00
1.379540000000000077e+01 7.921207197839474468e+00
1.381099999999999994e+01 7.920191623661949620e+00
1.382670000000000066e+01 7.919177009222802432e+00
1.384229999999999983e+01 7.918176295312107094e+00
1.385790000000000077e+01 7.917183011368891243e+00
1.387359999999999971e+01 7.916190820580069953e+00
1.388920000000000066e+01 7.915211422146281706e+00
1.390489999999999959e+01 7.914230583004699504e+00
1.392050000000000054e+01 7.913259114926994187e+00
1.393619999999999948e+01 7.912282865799852516e+00
1.395180000000000042e+01 7.911312588923432365e+00
1.396749999999999936e+01 7.910334147456230980e+00
1.398310000000000031e+01 7.909358642495873504e+00
1.399869999999999948e+01 7.908380697951054472e+00
1.401440000000000019e+01 7.907395817520828984e+00
1.402999999999999936e+01 7.906418335336894643e+00
1.404570000000000007e+01 7.905437522757917002e+00
1.406129999999999924e+01 7.904467662095827407e+00
1.407699999999999996e+01 7.903498122348359800e+00
1.409259999999999913e+01 7.902542582647481773e+00
1.410829999999999984e+01 7.901588561028231261e+00
1.412390000000000079e+01 7.900647651125507487e+00
1.413949999999999996e+01 7.899713196172807983e+00
1.415520000000000067e+01 7.898778705180403037e+00
1.417079999999999984e+01 7.897855522985401500e+00
1.418650000000000055e+01 7.896931253784682525e+00
1.420209999999999972e+01 7.896017459983363906e+00
1.421780000000000044e+01 7.895102817079258983e+00
1.423339999999999961e+01 7.894199424424034994e+00
1.424910000000000032e+01 7.893296151742132949e+00
1.426469999999999949e+01 7.892404953541632295e+00
1.428040000000000020e+01 7.891514855886132551e+00
1.429599999999999937e+01 7.890637605192091009e+00
1.431160000000000032e+01 7.889767096808498081e+00
1.432729999999999926e+01 7.888896625762465753e+00
1.434290000000000020e+01 7.888036069471424661e+00
1.435859999999999914e+01 7.887173173411952121e+00
1.437420000000000009e+01 7.886317718504836094e+00
1.438990000000000080e+01 7.885457515629008540e+00
1.440549999999999997e+01 7.884602360148531552e+00
1.442120000000000068e+01 7.883740529362648353e+00
1.443679999999999986e+01 7.882882453980662341e+00
1.445240000000000080e+01 7.882022105380959154e+00
1.446809999999999974e+01 7.881153396560882207e+00
1.448370000000000068e+01 7.880286847335325362e+00
1.449939999999999962e+01 7.879410796883068002e+00
1.451500000000000057e+01 7.878536512123436530e+00
1.453069999999999951e+01 7.877655568605832492e+00
1.454630000000000045e+01 7.876782622611377960e+00
1.456199999999999939e+01 7.875909945977803694e+00
1.457760000000000034e+01 7.875052089675629752e+00
1.459319999999999951e+01 7.874206888763534806e+00
1.460890000000000022e+01 7.873372489192417056e+00
1.462449999999999939e+01 7.872560875308101558e+00
1.464020000000000010e+01 7.871758727317989646e+00
1.465579999999999927e+01 7.870972850663868314e+00
1.467149999999999999e+01 7.870189727797993307e+00
1.468709999999999916e+01 7.869415921803889269e+00
1.470279999999999987e+01 7.868638069885862230e+00
1.471840000000000082e+01 7.867862732895061662e+00
1.473399999999999999e+01 7.867083383244441563e+00
1.474970000000000070e+01 7.866295332797605511e+00
1.476529999999999987e+01 7.865509061850814554e+00
1.478100000000000058e+01 7.864714935221362779e+00
1.479659999999999975e+01 7.863923510609112100e+00
1.481230000000000047e+01 7.863125086758723015e+00
1.482789999999999964e+01 7.862330344083404476e+00
1.484360000000000035e+01 7.861530314841794542e+00
1.485919999999999952e+01 7.860736814213899137e+00
1.487480000000000047e+01 7.859946365648565525e+00
1.489049999999999940e+01 7.859155570978073158e+00
1.490610000000000035e+01 7.858376132978634132e+00
1.492179999999999929e+01 7.857599701751710519e+00
1.493740000000000023e+01 7.856837293622259466e+00
1.495309999999999917e+01 7.856077797837329513e+00
1.496870000000000012e+01 7.855328820674324142e+00
1.498440000000000083e+01 7.854578673174152037e+00
1.500000000000000000e+01 7.853834842370632785e+00
