# R(Angstrom) U(cm^-1)
# b3pi0 potential curve for NaRb
  1.587531    30558.748397
  1.693366    29130.671194
  1.799202    27443.240623
  1.905037    25665.769618
  2.010873    23892.541585
  2.116708    22178.469756
  2.222543    20557.364988
  2.328379    19051.253405
  2.434214    17674.954439
  2.540050    16438.120495
  2.645885    15346.018153
  2.751720    14399.875878
  2.857556    13597.243061
  2.963391    12932.531307
  3.069227    12397.712650
  3.175062    11983.058965
  3.280897    11677.841039
  3.598404    11307.916811
  3.704239    11330.980171
  3.915910    11539.158926
  4.021745    11707.744830
  4.127581    11909.589679
  4.233416    12138.301976
  4.339251    12388.159863
  4.445087    12654.051316
  4.550922    12931.410208
  4.656758    13216.161380
  4.762593    13504.658719
  4.868428    13793.643710
  4.974264    14080.200258
  5.185935    14635.908664
  5.291770    14900.715670
  5.397605    15154.387763
  5.503441    15395.444806
  5.609276    15622.696082
  5.715112    15835.249559
  5.820947    16032.525231
  5.926782    16214.252925
  6.032618    16380.465892
  6.138453    16531.478616
  6.244289    16667.850386
  6.350124    16790.340275
  6.455959    16899.852848
  6.561795    16997.386738
  6.667630    17083.985436
  6.773466    17160.695309
  6.879301    17228.533799
  6.985136    17288.464397
  7.090972    17341.381860
  7.196807    17388.105551
  7.302643    17429.375780
  7.408478    17465.852859
  7.514313    17498.126098
  7.620149    17526.712230
  7.725984    17552.067915
  7.831820    17574.592772
  7.937655    17594.634954
  8.043490    17612.498301
  8.149326    17628.449432
  8.255161    17642.718729
  8.360997    17655.508108
  8.572667    17677.325291
  8.678503    17686.639597
  8.784338    17695.052082
  8.890174    17702.664142
  8.996009    17709.565303
  9.101844    17715.833498
  9.207680    17721.536503
  9.313515    17726.735286
  9.419351    17731.482259
  9.525186    17735.823423
  9.631021    17739.801006
  9.736857    17743.450342
  9.842692    17746.804441
  9.948528    17749.891396
 10.054363    17752.736797
 10.160198    17755.363052
 10.266034    17757.790244
 10.371869    17760.036852
 10.477705    17762.118657
 10.583540    17764.050121
 10.689375    17765.844195
 10.795211    17767.512597
 10.901046    17769.066038
 11.006882    17770.513737
 11.218552    17773.125946
 11.430223    17775.408438
 11.641894    17777.410442
 11.853565    17779.172187
 11.959400    17779.974037
 12.065236    17780.728130
 12.171071    17781.437648
 12.276906    17782.105948
 12.594413    17783.890694
 12.700248    17784.420286
 12.806083    17784.920820
 12.911919    17785.394293
 13.017754    17785.841955
 13.123590    17786.266156
 13.229425    17786.667816
 13.335260    17787.048583
 13.441096    17787.409948
 13.546931    17787.752723
 13.652767    17788.078138
 13.758602    17788.387246
 13.864437    17788.681298
 13.970273    17788.960602
 14.076108    17789.226627
 14.181944    17789.479747
 14.287779    17789.720774
 14.393614    17789.950520
 14.499450    17790.169578
 14.605285    17790.378298
 14.711121    17790.577603
 14.816956    17790.767888
 15.028627    17791.122888
 15.346133    17791.598797
 15.451968    17791.743825
 15.557804    17791.882665
 15.663639    17792.015403
 15.769475    17792.142830
 15.875310    17792.264858
 15.981145    17792.381728
 16.192816    17792.601269
