3.000 -0.2261764468 -0.1929540959 -0.1531878244 -0.1451898180 -0.1404821355 -0.1305712977 -0.1260689898 -0.1222284396 
3.200 -0.2326832453 -0.1959191233 -0.1590794280 -0.1502620976 -0.1449352986 -0.1347450338 -0.1287338832 -0.1272570788 
3.400 -0.2403717447 -0.2004678096 -0.1661031142 -0.1569697493 -0.1509672646 -0.1412099744 -0.1339251667 -0.1330225214 
3.600 -0.2484704985 -0.2059299858 -0.1735022890 -0.1645962548 -0.1579036328 -0.1487818793 -0.1415280995 -0.1389384415 
3.800 -0.2565499199 -0.2118942141 -0.1808420284 -0.1727125413 -0.1653399430 -0.1569111007 -0.1496602261 -0.1459893692 
4.000 -0.2643598058 -0.2180923314 -0.1878796349 -0.1810294546 -0.1730024732 -0.1652775872 -0.1580321922 -0.1535910946 
4.200 -0.2717461026 -0.2243374111 -0.1944899251 -0.1893255653 -0.1806832844 -0.1736564014 -0.1664190541 -0.1613630929 
4.400 -0.2786084519 -0.2304889834 -0.2006247533 -0.1974113424 -0.1882116796 -0.1818670067 -0.1746316105 -0.1690686194 
4.600 -0.2848793314 -0.2364341981 -0.2063378822 -0.2050663677 -0.1954436380 -0.1897562850 -0.1825084066 -0.1765403438 
4.800 -0.2905147615 -0.2420796243 -0.2126304770 -0.2111764648 -0.2022600529 -0.1971967241 -0.1899165270 -0.1836486611 
5.000 -0.2954907459 -0.2473496384 -0.2192549409 -0.2159223458 -0.2085682552 -0.2040894178 -0.1967549155 -0.1902897279 
5.200 -0.2998016873 -0.2521877224 -0.2252998517 -0.2201904200 -0.2143032162 -0.2103664032 -0.2029564411 -0.1963845080 
5.400 -0.3034587515 -0.2565576966 -0.2306839825 -0.2240739480 -0.2194267688 -0.2159900788 -0.2084868674 -0.2018820831 
5.600 -0.3064874011 -0.2604433738 -0.2353958419 -0.2276255578 -0.2239259817 -0.2209497226 -0.2133408074 -0.2067606305 
5.800 -0.3089242142 -0.2638463345 -0.2394514083 -0.2308854629 -0.2278147029 -0.2252563554 -0.2175357749 -0.2110237429 
6.000 -0.3108135154 -0.2667825053 -0.2428841955 -0.2338722711 -0.2311392843 -0.2289376127 -0.2211058342 -0.2146943744 
6.200 -0.3122041906 -0.2692782957 -0.2457387809 -0.2365808303 -0.2339743446 -0.2320337185 -0.2240958274 -0.2178084295 
6.800 -0.3138896894 -0.2744718855 -0.2513504349 -0.2430192972 -0.2402255368 -0.2383254255 -0.2301030186 -0.2242604666 
7.000 -0.3137846050 -0.2755643283 -0.2524130658 -0.2446749400 -0.2416912583 -0.2396005523 -0.2312925282 -0.2256044859 
7.400 -0.3128360728 -0.2770102438 -0.2536294744 -0.2474457752 -0.2438255929 -0.2412031706 -0.2327433285 -0.2273508018 
7.600 -0.3120679389 -0.2774293834 -0.2538805841 -0.2486031485 -0.2445360355 -0.2416133387 -0.2330896649 -0.2278353000 
7.800 -0.3111482661 -0.2776851765 -0.2539634187 -0.2496122754 -0.2450418800 -0.2418115852 -0.2332335907 -0.2281132013 
8.000 -0.3101061762 -0.2778034107 -0.2539468259 -0.2504480687 -0.2453695561 -0.2418296705 -0.2332079337 -0.2282245420 
8.200 -0.3089677399 -0.2778069926 -0.2539347681 -0.2510443277 -0.2455442680 -0.2416956951 -0.2330418160 -0.2282139042 
8.400 -0.3077562493 -0.2777160259 -0.2540631386 -0.2512986848 -0.2455888429 -0.2414344163 -0.2327610167 -0.2281363427 
8.600 -0.3064925092 -0.2775479190 -0.2543890028 -0.2511843864 -0.2455232769 -0.2410674137 -0.2323876542 -0.2280632193 
8.800 -0.3051950874 -0.2773175243 -0.2548341996 -0.2508073622 -0.2453647573 -0.2406135743 -0.2319410018 -0.2280790735 
9.000 -0.3038805968 -0.2770372797 -0.2553107081 -0.2502812521 -0.2451278365 -0.2400893006 -0.2314375096 -0.2282471581 
9.200 -0.3025638843 -0.2767173635 -0.2557732786 -0.2496750227 -0.2448247317 -0.2395087873 -0.2308911807 -0.2285653144 
9.400 -0.3012582366 -0.2763658773 -0.2562032293 -0.2490292948 -0.2444656788 -0.2388842784 -0.2303140614 -0.2289775212 
9.800 -0.2987262428 -0.2755914569 -0.2569435179 -0.2477199374 -0.2436130751 -0.2375438598 -0.2298610716 -0.2290972647 
10.000 -0.2975196933 -0.2751763565 -0.2572532036 -0.2470914640 -0.2431336185 -0.2368447771 -0.2302516259 -0.2284796103 
10.200 -0.2963638782 -0.2747459536 -0.2575247587 -0.2464975443 -0.2426271138 -0.2361358665 -0.2305851590 -0.2278593264 
10.400 -0.2952655415 -0.2743017835 -0.2577604323 -0.2459471871 -0.2420994600 -0.2354232729 -0.2308500740 -0.2272416813 
10.600 -0.2942301085 -0.2738450434 -0.2579624630 -0.2454466070 -0.2415563421 -0.2347128107 -0.2310398984 -0.2266300651 
10.800 -0.2932616436 -0.2733769687 -0.2581328951 -0.2449993571 -0.2410032146 -0.2340104627 -0.2311509219 -0.2260268739 
11.000 -0.2923627895 -0.2728991054 -0.2582734503 -0.2446064060 -0.2404452773 -0.2333232010 -0.2311806485 -0.2254336714 
11.200 -0.2915347772 -0.2724135617 -0.2583854986 -0.2442663000 -0.2398875369 -0.2326608937 -0.2311254259 -0.2248513468 
11.400 -0.2907774552 -0.2719231329 -0.2584700529 -0.2439754199 -0.2393349147 -0.2320410638 -0.2309751521 -0.2242801873 
11.600 -0.2900893906 -0.2714313415 -0.2585278161 -0.2437283859 -0.2387923445 -0.2314966542 -0.2307049220 -0.2237200217 
11.800 -0.2894680351 -0.2709423476 -0.2585592542 -0.2435186037 -0.2382647876 -0.2310556591 -0.2302948147 -0.2231703569 
12.000 -0.2889099301 -0.2704607780 -0.2585646903 -0.2433388485 -0.2377571133 -0.2306799765 -0.2297905386 -0.2226305362 
12.200 -0.2884109541 -0.2699914824 -0.2585444411 -0.2431818148 -0.2372738514 -0.2303112786 -0.2292572699 -0.2220998831 
12.400 -0.2879665570 -0.2695392459 -0.2584989294 -0.2430405313 -0.2368188770 -0.2299237671 -0.2287268111 -0.2215778276 
12.600 -0.2875719843 -0.2691084951 -0.2584288379 -0.2429086559 -0.2363950975 -0.2295119393 -0.2282099199 -0.2210640296 
12.800 -0.2872224684 -0.2687030366 -0.2583352259 -0.2427806229 -0.2360042332 -0.2290788000 -0.2277082433 -0.2205584345 
13.000 -0.2869133735 -0.2683258354 -0.2582196265 -0.2426517068 -0.2356467480 -0.2286318846 -0.2272184708 -0.2200612985 
13.200 -0.2866403096 -0.2679788964 -0.2580840976 -0.2425180197 -0.2353219540 -0.2281818875 -0.2267337714 -0.2195731645 
13.400 -0.2863991999 -0.2676631877 -0.2579311938 -0.2423764529 -0.2350282207 -0.2277415366 -0.2262449517 -0.2190948003 
13.600 -0.2861863111 -0.2673787187 -0.2577639026 -0.2422246348 -0.2347632641 -0.2273235520 -0.2257424608 -0.2186271238 
13.800 -0.2859982701 -0.2671246501 -0.2575855054 -0.2420608563 -0.2345244144 -0.2269377812 -0.2252192236 -0.2181711139 
14.000 -0.2858320683 -0.2668994408 -0.2573994142 -0.2418840071 -0.2343088554 -0.2265890707 -0.2246727939 -0.2177277382 
14.200 -0.2856850206 -0.2667010770 -0.2572089941 -0.2416935148 -0.2341137858 -0.2262773489 -0.2241052324 -0.2172978755 
14.400 -0.2855547726 -0.2665272387 -0.2570174151 -0.2414892818 -0.2339365318 -0.2259994744 -0.2235213596 -0.2168823050 
14.600 -0.2854392436 -0.2663754837 -0.2568275104 -0.2412716240 -0.2337746012 -0.2257511495 -0.2229268263 -0.2164816341 
14.800 -0.2853366128 -0.2662433725 -0.2566417122 -0.2410412246 -0.2336257083 -0.2255281004 -0.2223270332 -0.2160963133 
15.000 -0.2852452939 -0.2661285612 -0.2564619956 -0.2407990547 -0.2334877788 -0.2253265418 -0.2217267035 -0.2157266407 
15.200 -0.2851639025 -0.2660288740 -0.2562898893 -0.2405463429 -0.2333589293 -0.2251432733 -0.2211298179 -0.2153727654 
15.400 -0.2850912238 -0.2659423347 -0.2561264846 -0.2402845057 -0.2332374547 -0.2249756307 -0.2205397049 -0.2150347112 
15.600 -0.2850262081 -0.2658671739 -0.2559724953 -0.2400151094 -0.2331217995 -0.2248214022 -0.2199591523 -0.2147123978 
15.800 -0.2849679354 -0.2658018349 -0.2558283009 -0.2397398165 -0.2330105395 -0.2246787440 -0.2193905123 -0.2144056674 
16.200 -0.2848685290 -0.2656953470 -0.2555695060 -0.2391784767 -0.2327960256 -0.2244221907 -0.2182966524 -0.2138380074 
16.400 -0.2848260899 -0.2656520013 -0.2554545256 -0.2388959439 -0.2326903872 -0.2243058796 -0.2177745985 -0.2135765382 
16.600 -0.2847877598 -0.2656140376 -0.2553486710 -0.2386144885 -0.2325843482 -0.2241962297 -0.2172708571 -0.2133295801 
16.800 -0.2847530767 -0.2655807100 -0.2552514705 -0.2383358087 -0.2324768686 -0.2240924217 -0.2167864814 -0.2130968190 
17.000 -0.2847216327 -0.2655513776 -0.2551624054 -0.2380615403 -0.2323669600 -0.2239937490 -0.2163223497 -0.2128779385 
17.200 -0.2846930727 -0.2655254916 -0.2550809248 -0.2377932360 -0.2322536831 -0.2238995916 -0.2158791731 -0.2126726098 
17.400 -0.2846670879 -0.2655025850 -0.2550064819 -0.2375323605 -0.2321361671 -0.2238094059 -0.2154575037 -0.2124804875 
17.600 -0.2846434005 -0.2654822590 -0.2549385297 -0.2372802570 -0.2320136144 -0.2237227029 -0.2150577124 -0.2123011953 
17.800 -0.2846217717 -0.2654641716 -0.2548765444 -0.2370381331 -0.2318853275 -0.2236390458 -0.2146800134 -0.2121343222 
18.000 -0.2846019919 -0.2654480327 -0.2548200282 -0.2368070294 -0.2317507292 -0.2235580349 -0.2143244375 -0.2119794091 
18.200 -0.2845838687 -0.2654335904 -0.2547685054 -0.2365878016 -0.2316093843 -0.2234792995 -0.2139908426 -0.2118359382 
18.400 -0.2845672411 -0.2654206334 -0.2547215395 -0.2363810953 -0.2314610323 -0.2234024943 -0.2136789141 -0.2117033408 
18.600 -0.2845519587 -0.2654089748 -0.2546787207 -0.2361873343 -0.2313055948 -0.2233272900 -0.2133881597 -0.2115809847 
18.800 -0.2845378935 -0.2653984600 -0.2546396763 -0.2360067143 -0.2311431932 -0.2232533703 -0.2131179329 -0.2114681851 
19.000 -0.2845249289 -0.2653889510 -0.2546040576 -0.2358392090 -0.2309741415 -0.2231804293 -0.2128674553 -0.2113642212 
19.200 -0.2845129628 -0.2653803331 -0.2545715516 -0.2356845874 -0.2307989354 -0.2231081623 -0.2126357882 -0.2112683283 
19.400 -0.2845019037 -0.2653725029 -0.2545418724 -0.2355424316 -0.2306182223 -0.2230362645 -0.2124219264 -0.2111797206 
19.600 -0.2844916674 -0.2653653739 -0.2545147555 -0.2354121897 -0.2304327987 -0.2229644546 -0.2122249067 -0.2110976536 
19.800 -0.2844821820 -0.2653588693 -0.2544899654 -0.2352931951 -0.2302435430 -0.2228924367 -0.2120436174 -0.2110213661 
20.000 -0.2844733816 -0.2653529241 -0.2544672857 -0.2351847079 -0.2300513744 -0.2228198863 -0.2118768416 -0.2109500685 
20.200 -0.2844652072 -0.2653474802 -0.2544465253 -0.2350859560 -0.2298572660 -0.2227465130 -0.2117235381 -0.2108830700 
20.400 -0.2844576054 -0.2653424867 -0.2544275033 -0.2349961547 -0.2296621769 -0.2226720117 -0.2115826513 -0.2108197033 
20.600 -0.2844505274 -0.2653378990 -0.2544100626 -0.2349145374 -0.2294670529 -0.2225960791 -0.2114531594 -0.2107593479 
20.800 -0.2844439312 -0.2653336782 -0.2543940583 -0.2348403637 -0.2292727950 -0.2225184118 -0.2113340952 -0.2107014383 
21.200 -0.2844320291 -0.2653262027 -0.2543658518 -0.2347116259 -0.2288902219 -0.2223566707 -0.2111236703 -0.2105909826 
21.600 -0.2844216293 -0.2653198263 -0.2543419820 -0.2346049878 -0.2285205382 -0.2221844592 -0.2109447418 -0.2104849838 
22.000 -0.2844125075 -0.2653143601 -0.2543217123 -0.2345163166 -0.2281687796 -0.2219996830 -0.2107915276 -0.2103811277 
22.400 -0.2844044804 -0.2653096546 -0.2543044367 -0.2344422513 -0.2278388709 -0.2218005504 -0.2106589467 -0.2102778243 
22.600 -0.2844008269 -0.2653075470 -0.2542967627 -0.2344098265 -0.2276830309 -0.2216951677 -0.2105990373 -0.2102260295 
22.800 -0.2843973910 -0.2653055842 -0.2542896578 -0.2343800808 -0.2275336252 -0.2215857487 -0.2105427793 -0.2101739771 
23.000 -0.2843941582 -0.2653037556 -0.2542830753 -0.2343527611 -0.2273908363 -0.2214722259 -0.2104898039 -0.2101215422 
23.200 -0.2843911132 -0.2653020487 -0.2542769700 -0.2343276394 -0.2272547793 -0.2213545672 -0.2104397984 -0.2100685894 
23.800 -0.2843829813 -0.2652975665 -0.2542611333 -0.2342635197 -0.2268872604 -0.2209771247 -0.2103053847 -0.2099051652 
24.000 -0.2843805683 -0.2652962573 -0.2542565703 -0.2342453462 -0.2267781139 -0.2208434672 -0.2102652104 -0.2098486750 
24.200 -0.2843782877 -0.2652950280 -0.2542523188 -0.2342285390 -0.2266754335 -0.2207061307 -0.2102271532 -0.2097909492 
24.400 -0.2843761304 -0.2652938718 -0.2542483499 -0.2342129790 -0.2265790308 -0.2205653080 -0.2101911399 -0.2097318769 
24.600 -0.2843740907 -0.2652927854 -0.2542446467 -0.2341985616 -0.2264886871 -0.2204212132 -0.2101570454 -0.2096713621 
24.800 -0.2843721579 -0.2652917602 -0.2542411835 -0.2341851851 -0.2264041576 -0.2202740769 -0.2101247749 -0.2096093338 
25.000 -0.2843703278 -0.2652907944 -0.2542379450 -0.2341727669 -0.2263251845 -0.2201241481 -0.2100942364 -0.2095457374 
25.200 -0.2843685929 -0.2652898813 -0.2542349126 -0.2341612249 -0.2262514947 -0.2199716772 -0.2100653322 -0.2094805373 
25.400 -0.2843669464 -0.2652890172 -0.2542320680 -0.2341504876 -0.2261828050 -0.2198169160 -0.2100379793 -0.2094137141 
25.600 -0.2843653846 -0.2652881991 -0.2542294015 -0.2341404902 -0.2261188384 -0.2196601249 -0.2100120817 -0.2093452636 
25.800 -0.2843639019 -0.2652874234 -0.2542268972 -0.2341311745 -0.2260593133 -0.2195015523 -0.2099875574 -0.2092751900 
26.000 -0.2843624935 -0.2652866870 -0.2542245452 -0.2341224867 -0.2260039539 -0.2193414439 -0.2099643187 -0.2092035085 
26.200 -0.2843611537 -0.2652859855 -0.2542223308 -0.2341143762 -0.2259524937 -0.2191800357 -0.2099422910 -0.2091302442 
26.400 -0.2843598811 -0.2652853191 -0.2542202483 -0.2341068003 -0.2259046733 -0.2190175482 -0.2099214010 -0.2090554271 
26.600 -0.2843586690 -0.2652846822 -0.2542182854 -0.2340997164 -0.2258602475 -0.2188542342 -0.2099015759 -0.2089791161 
26.800 -0.2843575157 -0.2652840747 -0.2542164346 -0.2340930892 -0.2258189816 -0.2186902213 -0.2098827478 -0.2089013088 
27.000 -0.2843564175 -0.2652834942 -0.2542146899 -0.2340868837 -0.2257806518 -0.2185257316 -0.2098648559 -0.2088220756 
27.200 -0.2843553707 -0.2652829380 -0.2542130414 -0.2340810676 -0.2257450489 -0.2183609383 -0.2098478455 -0.2087414694 
27.400 -0.2843543726 -0.2652824051 -0.2542114836 -0.2340756139 -0.2257119763 -0.2181960043 -0.2098316633 -0.2086595475 
27.600 -0.2843534216 -0.2652818947 -0.2542100122 -0.2340704961 -0.2256812517 -0.2180310807 -0.2098162605 -0.2085763731 
27.800 -0.2843525135 -0.2652814038 -0.2542086185 -0.2340656896 -0.2256527026 -0.2178663018 -0.2098015910 -0.2084920140 
28.000 -0.2843516465 -0.2652809317 -0.2542072999 -0.2340611726 -0.2256261669 -0.2177017887 -0.2097876119 -0.2084065451 
28.400 -0.2843500290 -0.2652800412 -0.2542048671 -0.2340529278 -0.2255785597 -0.2173740200 -0.2097615728 -0.2082326244 
29.000 -0.2843478606 -0.2652788222 -0.2542016679 -0.2340422710 -0.2255188843 -0.2168868936 -0.2097267851 -0.2079659373 
29.200 -0.2843471998 -0.2652784438 -0.2542007068 -0.2340391158 -0.2255016747 -0.2167260396 -0.2097162081 -0.2078761179 
29.400 -0.2843465672 -0.2652780784 -0.2541997941 -0.2340361362 -0.2254856431 -0.2165660534 -0.2097060945 -0.2077862534 
29.600 -0.2843459624 -0.2652777262 -0.2541989266 -0.2340333224 -0.2254707036 -0.2164069925 -0.2096964244 -0.2076967869 
29.800 -0.2843453818 -0.2652773842 -0.2541981000 -0.2340306613 -0.2254567754 -0.2162488972 -0.2096871700 -0.2076084610 
30.000 -0.2843448258 -0.2652770541 -0.2541973142 -0.2340281463 -0.2254437869 -0.2160918145 -0.2096783101 -0.2075227627 
30.200 -0.2843442933 -0.2652767352 -0.2541965657 -0.2340257644 -0.2254316682 -0.2159357840 -0.2096698291 -0.2074434324 
30.600 -0.2843432930 -0.2652761279 -0.2541951732 -0.2340213742 -0.2254097926 -0.2156269881 -0.2096539251 -0.2073545135 