4.400 -0.3271169834 -0.2519720870 -0.2278969038 -0.2105700469 -0.1996517387 -0.1923632003 -0.1861160919 
4.600 -0.3336877107 -0.2592578423 -0.2346756989 -0.2183290927 -0.2075365140 -0.1997533873 -0.1936586811 
4.800 -0.3397224647 -0.2662315821 -0.2411114258 -0.2255739035 -0.2148711826 -0.2067315611 -0.2007366894 
5.000 -0.3451332322 -0.2727799306 -0.2471350374 -0.2321965963 -0.2216174395 -0.2132293275 -0.2072704715 
5.200 -0.3498673817 -0.2788169475 -0.2526965597 -0.2381343979 -0.2277550421 -0.2191936847 -0.2132116908 
5.400 -0.3539054190 -0.2842881433 -0.2577629570 -0.2433648484 -0.2332801387 -0.2245912612 -0.2185389024 
5.600 -0.3572561052 -0.2891692361 -0.2623174861 -0.2478970594 -0.2382052452 -0.2294094949 -0.2232529553 
5.800 -0.3599500616 -0.2934613631 -0.2663591336 -0.2517621161 -0.2425577070 -0.2336546744 -0.2273721693 
6.000 -0.3620331969 -0.2971849016 -0.2699009371 -0.2550047356 -0.2463765012 -0.2373479728 -0.2309275514 
6.200 -0.3635608172 -0.3003733540 -0.2729671801 -0.2576769365 -0.2497082792 -0.2405209162 -0.2339586729 
6.800 -0.3654123494 -0.3071577794 -0.2796550249 -0.2628181847 -0.2572848181 -0.2473072168 -0.2403655091 
7.000 -0.3653155834 -0.3086434707 -0.2811747226 -0.2637494870 -0.2591640731 -0.2487947172 -0.2417639890 
7.400 -0.3643697513 -0.3107081592 -0.2833737538 -0.2647266977 -0.2621938189 -0.2508427369 -0.2437252007 
7.600 -0.3636114477 -0.3113625914 -0.2841195673 -0.2648629251 -0.2633989059 -0.2514746597 -0.2443665735 
7.800 -0.3627157223 -0.3118095061 -0.2846685228 -0.2648817593 -0.2643617270 -0.2518887444 -0.2448264564 
8.000 -0.3617166913 -0.3120777111 -0.2850455776 -0.2654461878 -0.2644710017 -0.2521145299 -0.2451324548 
8.200 -0.3606443736 -0.3121924855 -0.2852723876 -0.2661913497 -0.2641368844 -0.2521788040 -0.2453071451 
8.400 -0.3595250011 -0.3121757521 -0.2853675348 -0.2668395837 -0.2636773246 -0.2521057272 -0.2453693075 
8.600 -0.3583813385 -0.3120462900 -0.2853468604 -0.2673873746 -0.2631321591 -0.2519167934 -0.2453343734 
8.800 -0.3572329562 -0.3118200041 -0.2852238554 -0.2678437063 -0.2625256458 -0.2516309319 -0.2452152999 
9.000 -0.3560965119 -0.3115102108 -0.2850100634 -0.2682191848 -0.2618779112 -0.2512646458 -0.2450231578 
9.200 -0.3549859639 -0.3111279575 -0.2847154910 -0.2685247271 -0.2612065143 -0.2508321973 -0.2447676347 
9.400 -0.3539127713 -0.3106823373 -0.2843489794 -0.2687711911 -0.2605268798 -0.2503458359 -0.2444574162 
9.800 -0.3519128347 -0.3096295928 -0.2834315176 -0.2691283266 -0.2591944937 -0.2492520261 -0.2437047045 
10.000 -0.3509980600 -0.3090338543 -0.2828949995 -0.2692579815 -0.2585625249 -0.2486617163 -0.2432778283 
10.200 -0.3501449282 -0.3083981145 -0.2823157209 -0.2693660964 -0.2579638523 -0.2480524845 -0.2428285510 
10.400 -0.3493550166 -0.3077264460 -0.2817002767 -0.2694595477 -0.2574038328 -0.2474312985 -0.2423672175 
10.600 -0.3486284935 -0.3070226629 -0.2810550983 -0.2695439734 -0.2568859223 -0.2468050492 -0.2419074449 
10.800 -0.3479643521 -0.3062904970 -0.2803864979 -0.2696237644 -0.2564118691 -0.2461808176 -0.2414688929 
11.000 -0.3473606109 -0.3055336590 -0.2797006169 -0.2697020840 -0.2559819329 -0.2455660507 -0.2410815496 
11.200 -0.3468145475 -0.3047559062 -0.2790034359 -0.2697809287 -0.2555951762 -0.2449687857 -0.2407889005 
11.400 -0.3463228903 -0.3039610386 -0.2783007392 -0.2698612219 -0.2552497536 -0.2443979498 -0.2406373166 
11.600 -0.3458820000 -0.3031528827 -0.2775981130 -0.2699429014 -0.2549431833 -0.2438640353 -0.2406409077 
11.800 -0.3454880381 -0.3023352603 -0.2769009652 -0.2700250197 -0.2546726004 -0.2433808041 -0.2407609389 
12.000 -0.3451370864 -0.3015119479 -0.2762145693 -0.2701057961 -0.2544349403 -0.2429697795 -0.2409307696 
12.200 -0.3448252774 -0.3006866409 -0.2755441541 -0.2701826460 -0.2542271040 -0.2426699494 -0.2410751660 
12.400 -0.3445488571 -0.2998629166 -0.2748950970 -0.2702520998 -0.2540460678 -0.2425395067 -0.2411128744 
12.600 -0.3443042540 -0.2990442113 -0.2742732509 -0.2703095758 -0.2538889593 -0.2425962996 -0.2410112681 
12.800 -0.3440881256 -0.2982337997 -0.2736854766 -0.2703489061 -0.2537531012 -0.2427755924 -0.2408242363 
13.000 -0.3438973667 -0.2974347790 -0.2731405929 -0.2703614990 -0.2536360430 -0.2430101250 -0.2406096933 
13.200 -0.3437291413 -0.2966500763 -0.2726505216 -0.2703352204 -0.2535355640 -0.2432654165 -0.2403933175 
13.400 -0.3435808624 -0.2958824247 -0.2722305874 -0.2702541577 -0.2534496726 -0.2435262459 -0.2401818615 
13.600 -0.3434501996 -0.2951343784 -0.2718951938 -0.2701029828 -0.2533765933 -0.2437857538 -0.2399742373 
13.800 -0.3433350627 -0.2944082943 -0.2716463629 -0.2698784621 -0.2533147576 -0.2440407496 -0.2397665193 
14.000 -0.3432335891 -0.2937063426 -0.2714664644 -0.2695967599 -0.2532627859 -0.2442897406 -0.2395540708 
14.200 -0.3431441168 -0.2930304802 -0.2713279606 -0.2692837512 -0.2532194611 -0.2445320474 -0.2393325764 
14.400 -0.3430651850 -0.2923824528 -0.2712068830 -0.2689615783 -0.2531837224 -0.2447673850 -0.2390984856 
14.600 -0.3429954933 -0.2917637656 -0.2710869620 -0.2686446041 -0.2531546329 -0.2449956441 -0.2388491393 
14.800 -0.3429339041 -0.2911756711 -0.2709580566 -0.2683410158 -0.2531313794 -0.2452167961 -0.2385827780 
15.000 -0.3428794125 -0.2906191402 -0.2708139266 -0.2680551545 -0.2531132426 -0.2454308440 -0.2382984681 
15.200 -0.3428311430 -0.2900948539 -0.2706507208 -0.2677890563 -0.2530995917 -0.2456377948 -0.2379959760 
15.400 -0.3427883219 -0.2896031734 -0.2704661110 -0.2675434013 -0.2530898667 -0.2458376561 -0.2376756373 
15.600 -0.3427502758 -0.2891441471 -0.2702588065 -0.2673180500 -0.2530835748 -0.2460304443 -0.2373382386 
15.800 -0.3427164178 -0.2887174952 -0.2700282748 -0.2671123484 -0.2530802739 -0.2462161837 -0.2369849589 
16.200 -0.3426592685 -0.2879586772 -0.2694982278 -0.2667559300 -0.2530811075 -0.2465666689 -0.2362364803 
16.400 -0.3426351377 -0.2876245084 -0.2692001371 -0.2666028546 -0.2530845711 -0.2467315332 -0.2358445318 
16.600 -0.3426134950 -0.2873187741 -0.2688815030 -0.2664648768 -0.2530896718 -0.2468895860 -0.2354430859 
16.800 -0.3425940445 -0.2870399614 -0.2685437594 -0.2663407423 -0.2530961507 -0.2470409321 -0.2350339082 
17.000 -0.3425765270 -0.2867864312 -0.2681885072 -0.2662292364 -0.2531037726 -0.2471856888 -0.2346187753 
17.200 -0.3425607135 -0.2865564678 -0.2678174566 -0.2661291945 -0.2531123215 -0.2473239876 -0.2341994805 
17.400 -0.3425464105 -0.2863483359 -0.2674323891 -0.2660395012 -0.2531216032 -0.2474559733 -0.2337776538 
17.600 -0.3425334420 -0.2861602919 -0.2670351301 -0.2659590759 -0.2531314370 -0.2475817986 -0.2333550254 
17.800 -0.3425216595 -0.2859906430 -0.2666276125 -0.2658867912 -0.2531416579 -0.2477016187 -0.2329332724 
18.000 -0.3425109333 -0.2858377611 -0.2662124390 -0.2658208531 -0.2531521117 -0.2478155972 -0.2325141113 
18.600 -0.3424840015 -0.2854647164 -0.2656730154 -0.2649172403 -0.2531834432 -0.2481240786 -0.2315532217 
19.000 -0.3424695651 -0.2852741474 -0.2655947861 -0.2640413427 -0.2532029686 -0.2483033927 -0.2316052902 
19.200 -0.3424631981 -0.2851928848 -0.2655620539 -0.2636014923 -0.2532119304 -0.2483855739 -0.2316367724 
19.400 -0.3424573267 -0.2851196915 -0.2655328559 -0.2631619434 -0.2532201785 -0.2484629393 -0.2316705457 
19.800 -0.3424468887 -0.2849942099 -0.2654834758 -0.2622876817 -0.2532339533 -0.2486036533 -0.2317438996 
20.000 -0.3424422458 -0.2849404785 -0.2654626395 -0.2618547429 -0.2532391679 -0.2486671871 -0.2317830747 
20.400 -0.3424339505 -0.2848479780 -0.2654273089 -0.2610012906 -0.2532453516 -0.2487809439 -0.2318655377 
20.600 -0.3424302423 -0.2848081764 -0.2654123537 -0.2605822953 -0.2532459022 -0.2488312511 -0.2319084985 
21.600 -0.3424152326 -0.2846575847 -0.2653577165 -0.2585948872 -0.2532118280 -0.2490167139 -0.2321347541 
22.400 -0.3424064752 -0.2845780247 -0.2653307159 -0.2571874668 -0.2531130204 -0.2490796722 -0.2323218049 
22.600 -0.3424046294 -0.2845620840 -0.2653255374 -0.2568705567 -0.2530726470 -0.2490816992 -0.2323685122 
22.800 -0.3424029007 -0.2845474233 -0.2653208601 -0.2565706432 -0.2530241002 -0.2490774683 -0.2324150061 
23.000 -0.3424012816 -0.2845339238 -0.2653166338 -0.2562894139 -0.2529663550 -0.2490664588 -0.2324612087 
23.200 -0.3423997625 -0.2845214739 -0.2653128083 -0.2560285417 -0.2528984710 -0.2490480557 -0.2325070432 
23.800 -0.3423957364 -0.2844895084 -0.2653033519 -0.2553810866 -0.2526294589 -0.2489409634 -0.2326416857 
24.000 -0.3423945498 -0.2844803872 -0.2653007624 -0.2552120703 -0.2525194321 -0.2488850288 -0.2326853486 
24.200 -0.3423934315 -0.2844719207 -0.2652984074 -0.2550655630 -0.2524018288 -0.2488174092 -0.2327284075 
24.400 -0.3423923759 -0.2844640517 -0.2652962619 -0.2549399620 -0.2522792309 -0.2487371516 -0.2327707582 
24.600 -0.3423913805 -0.2844567319 -0.2652943101 -0.2548331772 -0.2521545934 -0.2486434214 -0.2328123617 
24.800 -0.3423904382 -0.2844499133 -0.2652925277 -0.2547428946 -0.2520309122 -0.2485355699 -0.2328531809 
25.000 -0.3423895472 -0.2844435559 -0.2652908981 -0.2546667860 -0.2519109294 -0.2484132183 -0.2328931841 
25.200 -0.3423887030 -0.2844376207 -0.2652894075 -0.2546026603 -0.2517968998 -0.2482763154 -0.2329323437 
25.400 -0.3423879012 -0.2844320724 -0.2652880410 -0.2545485616 -0.2516904765 -0.2481251743 -0.2329706371 
25.600 -0.3423871402 -0.2844268833 -0.2652867871 -0.2545028113 -0.2515926924 -0.2479604550 -0.2330080358 
25.800 -0.3423864169 -0.2844220243 -0.2652856361 -0.2544639858 -0.2515040019 -0.2477831260 -0.2330445294 
26.000 -0.3423857285 -0.2844174701 -0.2652845763 -0.2544309105 -0.2514244011 -0.2475943767 -0.2330801033 
26.200 -0.3423850711 -0.2844131957 -0.2652835975 -0.2544026081 -0.2513535289 -0.2473955336 -0.2331147500 
26.400 -0.3423844452 -0.2844091828 -0.2652826965 -0.2543782890 -0.2512908029 -0.2471879573 -0.2331484524 
26.600 -0.3423838457 -0.2844054095 -0.2652818612 -0.2543572983 -0.2512355114 -0.2469730085 -0.2331812093 
26.800 -0.3423832729 -0.2844018609 -0.2652810877 -0.2543391047 -0.2511869022 -0.2467519627 -0.2332130211 
27.000 -0.3423827242 -0.2843985187 -0.2652803697 -0.2543232717 -0.2511442169 -0.2465259834 -0.2332438740 
27.200 -0.3423821977 -0.2843953691 -0.2652797016 -0.2543094354 -0.2511067498 -0.2462961449 -0.2332737889 
27.400 -0.3423816922 -0.2843923983 -0.2652790794 -0.2542973000 -0.2510738450 -0.2460633725 -0.2333027659 
27.600 -0.3423812073 -0.2843895957 -0.2652785003 -0.2542866149 -0.2510449176 -0.2458284786 -0.2333308063 
27.800 -0.3423807402 -0.2843869473 -0.2652779591 -0.2542771765 -0.2510194477 -0.2455921640 -0.2333579167 
28.000 -0.3423802904 -0.2843844441 -0.2652774511 -0.2542688079 -0.2509969832 -0.2453550295 -0.2333841094 
28.200 -0.3423798575 -0.2843820765 -0.2652769747 -0.2542613667 -0.2509771311 -0.2451175927 -0.2334093950 
28.400 -0.3423794401 -0.2843798355 -0.2652765276 -0.2542547293 -0.2509595481 -0.2448802883 -0.2334337835 
28.600 -0.3423790369 -0.2843777122 -0.2652761062 -0.2542487891 -0.2509439392 -0.2446434842 -0.2334572890 
28.800 -0.3423786483 -0.2843757007 -0.2652757105 -0.2542434599 -0.2509300550 -0.2444075095 -0.2334799354 
29.000 -0.3423782724 -0.2843737917 -0.2652753363 -0.2542386622 -0.2509176719 -0.2441725998 -0.2335017196 
29.200 -0.3423779093 -0.2843719803 -0.2652749827 -0.2542343369 -0.2509066040 -0.2439390012 -0.2335226718 
29.400 -0.3423775581 -0.2843702600 -0.2652746479 -0.2542304227 -0.2508966877 -0.2437068918 -0.2335428037 
29.600 -0.3423772193 -0.2843686260 -0.2652743320 -0.2542268768 -0.2508877845 -0.2434764326 -0.2335621360 
29.800 -0.3423768904 -0.2843670707 -0.2652740302 -0.2542236504 -0.2508797702 -0.2432477445 -0.2335806841 
30.000 -0.3423765723 -0.2843655911 -0.2652737448 -0.2542207115 -0.2508725409 -0.2430209440 -0.2335984657 
30.400 -0.3423759672 -0.2843628412 -0.2652732143 -0.2542155729 -0.2508600845 -0.2425733403 -0.2336318145