2.502647 38118.439
2.505286 37815.99
2.507918 37520.1
2.510544 37230.584
2.513162 36947.267
2.515774 36669.978
2.518379 36398.551
2.520977 36132.827
2.523569 35872.651
2.526153 35617.874
2.528732 35368.351
2.531303 35123.942
2.533868 34884.511
2.536427 34649.928
2.538979 34420.064
2.541525 34194.797
2.544064 33974.008
2.546597 33757.58
2.549124 33545.402
2.551644 33337.365
2.554159 33133.364
2.556667 32933.296
2.559169 32737.063
2.561665 32544.569
2.564155 32355.721
2.566639 32170.427
2.569117 31988.601
2.571589 31810.158
2.574055 31635.014
2.576516 31463.089
2.57897 31294.306
2.581419 31128.59
2.583862 30965.865
2.5863 30806.062
2.588732 30649.111
2.591158 30494.944
2.593579 30343.496
2.595994 30194.704
2.598403 30048.505
2.600807 29904.84
2.603206 29763.649
2.605599 29624.877
2.607987 29488.468
2.61037 29354.367
2.612747 29222.523
2.615119 29092.885
2.617485 28965.403
2.619847 28840.029
2.622203 28716.716
2.624554 28595.419
2.6269 28476.092
2.629241 28358.693
2.631577 28243.179
2.633908 28129.509
2.636234 28017.643
2.638555 27907.543
2.640871 27799.169
2.643182 27692.486
2.645488 27587.457
2.647789 27484.047
2.650086 27382.221
2.652377 27281.947
2.654664 27183.191
2.656947 27085.922
2.659224 26990.109
2.661497 26895.722
2.663765 26802.73
2.666029 26711.106
2.668287 26620.821
2.670542 26531.849
2.672791 26444.161
2.675037 26357.733
2.677277 26272.538
2.679514 26188.553
2.681745 26105.752
2.683973 26024.111
2.686196 25943.609
2.688414 25864.222
2.690629 25785.928
2.692839 25708.706
2.695044 25632.535
2.697245 25557.393
2.699442 25483.262
2.701635 25410.121
2.703824 25337.952
2.706008 25266.735
2.708189 25196.452
2.710365 25127.085
2.712537 25058.618
2.714705 24991.032
2.716868 24924.311
2.719028 24858.439
2.721184 24793.4
2.723335 24729.178
2.725483 24665.758
2.727627 24603.124
2.729767 24541.263
2.731903 24480.16
2.734034 24419.801
2.736163 24360.172
2.738287 24301.26
2.740407 24243.052
2.742524 24185.535
2.744636 24128.696
2.746745 24072.524
2.74885 24017.005
2.750952 23962.129
2.753049 23907.884
2.755143 23854.258
2.757234 23801.241
2.75932 23748.822
2.761403 23696.989
2.763482 23645.734
2.765558 23595.045
2.76763 23544.912
2.769699 23495.326
2.771763 23446.278
2.773825 23397.758
2.775883 23349.756
2.777937 23302.265
2.779988 23255.274
2.782035 23208.776
2.784079 23162.762
2.78612 23117.223
2.788157 23072.152
2.79019 23027.541
2.79222 22983.381
2.794247 22939.666
2.796271 22896.388
2.798291 22853.539
2.800308 22811.112
2.802321 22769.1
2.804331 22727.496
2.806338 22686.294
2.808342 22645.487
2.810343 22605.068
2.81234 22565.031
2.814334 22525.369
2.816324 22486.077
2.818312 22447.148
2.820296 22408.576
2.822278 22370.357
2.824256 22332.483
2.826231 22294.95
2.828203 22257.751
2.830171 22220.882
2.832137 22184.337
2.8341 22148.112
2.836059 22112.2
2.838016 22076.597
2.839969 22041.298
2.84192 22006.299
2.843867 21971.594
2.845812 21937.178
2.847753 21903.049
2.849692 21869.2
2.851628 21835.627
2.85356 21802.327
2.85549 21769.295
2.857417 21736.527
2.859341 21704.018
2.861262 21671.766
2.86318 21639.765
2.865096 21608.012
2.867008 21576.503
2.868918 21545.235
2.870825 21514.204
2.872729 21483.406
2.87463 21452.838
2.876529 21422.496
2.878424 21392.377
2.880317 21362.477
2.882208 21332.794
2.884095 21303.324
2.88598 21274.063
2.887862 21245.01
2.889742 21216.16
2.891618 21187.511
2.893492 21159.06
2.895364 21130.804
2.897233 21102.74
2.899099 21074.865
2.900962 21047.177
2.902823 21019.672
2.904681 20992.349
2.906537 20965.204
2.90839 20938.236
2.910241 20911.441
2.912089 20884.816
2.913934 20858.361
2.915777 20832.072
2.917617 20805.946
2.919455 20779.982
2.921291 20754.178
2.923124 20728.53
2.924954 20703.037
2.926782 20677.697
2.928607 20652.508
2.93043 20627.467
2.932251 20602.573
2.934069 20577.823
2.935885 20553.216
2.937698 20528.749
2.939509 20504.42
2.941318 20480.229
2.943124 20456.172
2.944927 20432.249
2.946729 20408.456
2.948528 20384.793
2.950325 20361.258
2.952119 20337.849
2.953911 20314.565
2.955701 20291.403
2.957488 20268.363
2.959273 20245.442
2.961056 20222.639
2.962837 20199.952
2.964615 20177.381
2.966391 20154.923
2.968165 20132.576
2.969936 20110.341
2.971706 20088.214
2.973473 20066.196
2.975238 20044.283
2.977 20022.476
2.978761 20000.773
2.980519 19979.171
2.982275 19957.671
2.984029 19936.271
2.985781 19914.97
2.987531 19893.765
2.989278 19872.657
2.991023 19851.644
2.992767 19830.725
2.994508 19809.899
2.996247 19789.164
2.997984 19768.519
2.999718 19747.964
3.001451 19727.497
3.003182 19707.117
3.00491 19686.824
3.006637 19666.616
3.008361 19646.491
3.010084 19626.451
3.011804 19606.492
3.013522 19586.614
3.015239 19566.817
3.016953 19547.099
3.018665 19527.46
3.020375 19507.898
3.022084 19488.412
3.02379 19469.003
3.025494 19449.668
3.027197 19430.408
3.028897 19411.221
3.030596 19392.106
3.032292 19373.063
3.033987 19354.09
3.035679 19335.188
3.03737 19316.355
3.039059 19297.59
3.040745 19278.894
3.04243 19260.264
3.044114 19241.701
3.045795 19223.203
3.047474 19204.77
3.049151 19186.401
3.050827 19168.096
3.052501 19149.854
3.054172 19131.674
3.055842 19113.556
3.05751 19095.498
3.059177 19077.501
3.060841 19059.563
3.062504 19041.685
3.064165 19023.865
3.065824 19006.103
3.067481 18988.398
3.069136 18970.75
3.07079 18953.158
3.072442 18935.622
3.074092 18918.141
3.07574 18900.714
3.077387 18883.342
3.079032 18866.023
3.080675 18848.757
3.082316 18831.543
3.083955 18814.381
3.085593 18797.271
3.087229 18780.212
3.088864 18763.203
3.090496 18746.244
3.092127 18729.335
3.093757 18712.475
3.095384 18695.664
3.09701 18678.9
3.098634 18662.185
3.100257 18645.517
3.101878 18628.896
3.103497 18612.322
3.105114 18595.793
3.10673 18579.311
3.108344 18562.874
3.109957 18546.481
3.111568 18530.133
3.113177 18513.83
3.114785 18497.57
3.116391 18481.353
3.117995 18465.18
3.119598 18449.049
3.121199 18432.961
3.122799 18416.915
3.124397 18400.91
3.125994 18384.947
3.127589 18369.024
3.129182 18353.143
3.130774 18337.301
3.132364 18321.5
3.133952 18305.738
3.135539 18290.016
3.137125 18274.333
3.138709 18258.689
3.140291 18243.083
3.141872 18227.515
3.143452 18211.985
3.14503 18196.493
3.146606 18181.038
3.148181 18165.621
3.149754 18150.24
3.151326 18134.895
3.152896 18119.587
3.154465 18104.315
3.156033 18089.079
3.157598 18073.878
3.159163 18058.712
3.160726 18043.582
3.162287 18028.486
3.163847 18013.425
3.165406 17998.398
3.166963 17983.405
3.168518 17968.446
3.170073 17953.52
3.171625 17938.628
3.173177 17923.769
3.174727 17908.943
3.176275 17894.15
3.177822 17879.389
3.179368 17864.66
3.180912 17849.964
3.182455 17835.3
3.183997 17820.667
3.185537 17806.066
3.187075 17791.496
3.188613 17776.957
3.190148 17762.449
3.191683 17747.972
3.193216 17733.526
3.194748 17719.11
3.196278 17704.724
3.197807 17690.368
3.199335 17676.042
3.200861 17661.745
3.202386 17647.479
3.20391 17633.241
3.205432 17619.033
3.206953 17604.854
3.208473 17590.703
3.209992 17576.582
3.211509 17562.489
3.213024 17548.424
3.214539 17534.387
3.216052 17520.379
3.217564 17506.399
3.219074 17492.446
3.220583 17478.521
3.222091 17464.624
3.223598 17450.754
3.225103 17436.911
3.226607 17423.095
3.22811 17409.306
3.229612 17395.545
3.231112 17381.809
3.232611 17368.101
3.234109 17354.418
3.235605 17340.763
3.2371 17327.133
3.238594 17313.529
3.240087 17299.952
3.241579 17286.4
3.243069 17272.874
3.244558 17259.373
3.246046 17245.898
3.247532 17232.448
3.249018 17219.024
3.250502 17205.624
3.251985 17192.25
3.253467 17178.9
3.254947 17165.576
3.256427 17152.276
3.257905 17139.0
3.259382 17125.75
3.260858 17112.523
3.262332 17099.321
3.263806 17086.143
3.265278 17072.989
3.266749 17059.859
3.268219 17046.753
3.269688 17033.671
3.271155 17020.612
3.272622 17007.577
3.274087 16994.566
3.275551 16981.577
3.277014 16968.613
3.278476 16955.671
3.279936 16942.753
3.281396 16929.858
3.282854 16916.985
3.284312 16904.136
3.285768 16891.309
3.287223 16878.506
3.288677 16865.724
3.29013 16852.966
3.291581 16840.229
3.293032 16827.516
3.294481 16814.824
3.29593 16802.155
3.297377 16789.508
3.298823 16776.883
3.300268 16764.28
3.301712 16751.699
3.303155 16739.14
3.304597 16726.602
3.306037 16714.087
3.307477 16701.593
3.308916 16689.12
3.310353 16676.669
3.31179 16664.24
3.313225 16651.832
3.314659 16639.445
3.316092 16627.079
3.317525 16614.735
3.318956 16602.411
3.320386 16590.109
3.321815 16577.828
3.323243 16565.567
3.32467 16553.328
3.326096 16541.109
3.327521 16528.911
3.328945 16516.733
3.330368 16504.576
3.331789 16492.44
3.33321 16480.324
3.33463 16468.229
3.336049 16456.153
3.337467 16444.099
3.338883 16432.064
3.340299 16420.05
3.341714 16408.055
3.343128 16396.081
3.34454 16384.127
3.345952 16372.192
3.347363 16360.278
3.348773 16348.384
3.350181 16336.509
3.351589 16324.654
3.352996 16312.818
3.354402 16301.003
3.355807 16289.207
3.357211 16277.43
3.358614 16265.673
3.360016 16253.935
3.361417 16242.217
3.362817 16230.518
3.364216 16218.838
3.365614 16207.177
3.367011 16195.536
3.368408 16183.914
3.369803 16172.311
3.371197 16160.727
3.372591 16149.162
3.373983 16137.616
3.375375 16126.088
3.376765 16114.58
3.378155 16103.09
3.379544 16091.619
3.380932 16080.167
3.382319 16068.734
3.383705 16057.319
3.38509 16045.923
3.386474 16034.545
3.387857 16023.186
3.38924 16011.845
3.390621 16000.522
3.392002 15989.218
3.393381 15977.933
3.39476 15966.665
3.396138 15955.416
3.397515 15944.185
3.398891 15932.972
3.400266 15921.778
3.401641 15910.601
3.403014 15899.442
3.404387 15888.302
3.405758 15877.179
3.407129 15866.074
3.408499 15854.987
3.409868 15843.918
3.411236 15832.867
3.412604 15821.834
3.41397 15810.818
3.415336 15799.82
3.416701 15788.84
3.418064 15777.877
3.419427 15766.932
3.42079 15756.004
3.422151 15745.094
3.423512 15734.201
3.424871 15723.326
3.42623 15712.468
3.427588 15701.627
3.428945 15690.804
3.430302 15679.998
3.431657 15669.21
3.433012 15658.438
3.434366 15647.684
3.435719 15636.947
3.437071 15626.227
3.438422 15615.524
3.439773 15604.838
3.441123 15594.169
3.442471 15583.517
3.44382 15572.882
3.445167 15562.264
3.446513 15551.663
3.447859 15541.078
3.449204 15530.511
3.450548 15519.96
3.451892 15509.426
3.453234 15498.909
3.454576 15488.408
3.455917 15477.924
3.457257 15467.457
3.458596 15457.006
3.459935 15446.572
3.461273 15436.154
3.46261 15425.753
3.463946 15415.368
3.465282 15405.0
3.466616 15394.648
3.46795 15384.313
3.469283 15373.994
3.470616 15363.691
3.471947 15353.404
3.473278 15343.134
3.474608 15332.88
3.475938 15322.642
3.477266 15312.42
3.478594 15302.214
3.479921 15292.025
3.481248 15281.851
3.482573 15271.694
3.483898 15261.553
3.485222 15251.427
3.486546 15241.318
3.487868 15231.224
3.48919 15221.146
3.490512 15211.085
3.491832 15201.039
3.493152 15191.009
3.494471 15180.994
3.495789 15170.996
3.497107 15161.013
3.498423 15151.046
3.49974 15141.094
3.501055 15131.159
3.50237 15121.238
3.503684 15111.334
3.504997 15101.445
3.506309 15091.571
3.507621 15081.713
3.508932 15071.871
3.510243 15062.044
3.511552 15052.232
3.512861 15042.436
3.51417 15032.655
3.515477 15022.89
3.516784 15013.14
3.51809 15003.405
3.519396 14993.685
3.520701 14983.981
3.522005 14974.292
3.523309 14964.618
3.524611 14954.959
3.525913 14945.316
3.527215 14935.687
3.528516 14926.074
3.529816 14916.476
3.531115 14906.892
3.532414 14897.324
3.533712 14887.771
3.535009 14878.233
3.536306 14868.709
3.537602 14859.201
3.538898 14849.707
3.540192 14840.229
3.541486 14830.765
3.54278 14821.316
3.544073 14811.882
3.545365 14802.463
3.546656 14793.058
3.547947 14783.668
3.549237 14774.293
3.550527 14764.932
3.551815 14755.586
3.553104 14746.255
3.554391 14736.938
3.555678 14727.636
3.556965 14718.349
3.55825 14709.076
3.559535 14699.817
3.56082 14690.573
3.562103 14681.344
3.563387 14672.129
3.564669 14662.928
3.565951 14653.742
3.567232 14644.57
3.568513 14635.412
3.569793 14626.269
3.571072 14617.14
3.572351 14608.025
3.573629 14598.925
3.574907 14589.839
3.576184 14580.767
3.57746 14571.709
3.578736 14562.665
3.580011 14553.636
3.581285 14544.621
3.582559 14535.619
3.583833 14526.632
3.585105 14517.659
3.586377 14508.7
3.587649 14499.755
3.58892 14490.824
3.59019 14481.906
3.59146 14473.003
3.592729 14464.114
3.593997 14455.239
3.595265 14446.377
3.596533 14437.529
3.5978 14428.695
3.599066 14419.875
3.600331 14411.069
3.601596 14402.277
3.602861 14393.498
3.604125 14384.733
3.605388 14375.982
3.606651 14367.244
3.607913 14358.52
3.609174 14349.81
3.610435 14341.113
3.611696 14332.43
3.612956 14323.76
3.614215 14315.104
3.615474 14306.462
3.616732 14297.833
3.61799 14289.218
3.619247 14280.616
3.620503 14272.027
3.621759 14263.452
3.623015 14254.89
3.624269 14246.342
3.625524 14237.807
3.626778 14229.286
3.628031 14220.777
3.629283 14212.282
3.630535 14203.801
3.631787 14195.332
3.633038 14186.877
3.634289 14178.435
3.635538 14170.007
3.636788 14161.591
3.638037 14153.189
3.639285 14144.799
3.640533 14136.423
3.64178 14128.06
3.643027 14119.71
3.644273 14111.374
3.645519 14103.05
3.646764 14094.739
3.648009 14086.441
3.649253 14078.157
3.650496 14069.885
3.651739 14061.626
3.652982 14053.38
3.654224 14045.147
3.655465 14036.927
3.656706 14028.72
3.657947 14020.525
3.659187 14012.344
3.660426 14004.175
3.661665 13996.019
3.662904 13987.876
3.664142 13979.745
3.665379 13971.627
3.666616 13963.522
3.667852 13955.43
3.669088 13947.351
3.670324 13939.284
3.671559 13931.229
3.672793 13923.188
3.674027 13915.158
3.67526 13907.142
3.676493 13899.138
3.677726 13891.147
3.678958 13883.168
3.680189 13875.201
3.68142 13867.247
3.682651 13859.306
3.683881 13851.377
3.68511 13843.461
3.686339 13835.557
3.687568 13827.665
3.688796 13819.785
3.690023 13811.919
3.69125 13804.064
3.692477 13796.222
3.693703 13788.392
3.694929 13780.574
3.696154 13772.769
3.697379 13764.975
3.698603 13757.194
3.699827 13749.426
3.70105 13741.669
3.702273 13733.925
3.703496 13726.193
3.704718 13718.473
3.705939 13710.765
3.70716 13703.069
3.708381 13695.385
3.709601 13687.714
3.71082 13680.054
3.71204 13672.407
3.713258 13664.771
3.714477 13657.148
3.715694 13649.536
3.716912 13641.937
3.718129 13634.349
3.719345 13626.773
3.720561 13619.21
3.721777 13611.658
3.722992 13604.118
3.724207 13596.59
3.725421 13589.073
3.726635 13581.569
3.727848 13574.076
3.729061 13566.596
3.730274 13559.127
3.731486 13551.669
3.732697 13544.224
3.733909 13536.79
3.735119 13529.368
3.73633 13521.958
3.737539 13514.559
3.738749 13507.172
3.739958 13499.797
3.741167 13492.433
3.742375 13485.081
3.743583 13477.74
3.74479 13470.411
3.745997 13463.094
3.747203 13455.788
3.748409 13448.493
3.749615 13441.211
3.75082 13433.939
3.752025 13426.679
3.75323 13419.431
3.754434 13412.194
3.755637 13404.969
3.75684 13397.754
3.758043 13390.552
3.759245 13383.36
3.760447 13376.18
3.761649 13369.012
3.76285 13361.855
3.764051 13354.709
3.765251 13347.574
3.766451 13340.451
3.767651 13333.338
3.76885 13326.238
3.770048 13319.148
3.771247 13312.069
3.772445 13305.002
3.773642 13297.946
3.774839 13290.901
3.776036 13283.868
3.777232 13276.845
3.778428 13269.834
3.779624 13262.833
3.780819 13255.844
3.782014 13248.866
3.783208 13241.899
3.784402 13234.943
3.785596 13227.998
3.786789 13221.064
3.787982 13214.141
3.789174 13207.229
3.790366 13200.328
3.791558 13193.438
3.792749 13186.559
3.79394 13179.691
3.795131 13172.833
3.796321 13165.987
3.797511 13159.151
3.7987 13152.327
3.79989 13145.513
3.801078 13138.71
3.802267 13131.918
3.803455 13125.136
3.804642 13118.366
3.805829 13111.606
3.807016 13104.857
3.808203 13098.118
3.809389 13091.391
3.810575 13084.674
3.81176 13077.968
3.812945 13071.272
3.81413 13064.587
3.815314 13057.913
3.816498 13051.25
3.817682 13044.597
3.818865 13037.954
3.820048 13031.323
3.82123 13024.701
3.822413 13018.091
3.823594 13011.491
3.824776 13004.901
3.825957 12998.322
3.827138 12991.754
3.828318 12985.196
3.829498 12978.648
3.830678 12972.111
3.831858 12965.585
3.833037 12959.069
3.834215 12952.563
3.835394 12946.067
3.836572 12939.582
3.83775 12933.108
3.838927 12926.644
3.840104 12920.19
3.841281 12913.746
3.842457 12907.313
3.843633 12900.89
3.844809 12894.478
3.845984 12888.075
3.847159 12881.683
3.848334 12875.301
3.849508 12868.93
3.850682 12862.568
3.851856 12856.217
3.853029 12849.876
3.854202 12843.545
3.855375 12837.225
3.856547 12830.914
3.857719 12824.614
3.858891 12818.324
3.860062 12812.043
3.861234 12805.773
3.862404 12799.514
3.863575 12793.264
3.864745 12787.024
3.865915 12780.794
3.867084 12774.574
3.868253 12768.365
3.869422 12762.165
3.870591 12755.975
3.871759 12749.795
3.872927 12743.625
3.874095 12737.466
3.875262 12731.316
3.876429 12725.176
3.877596 12719.046
3.878762 12712.925
3.879928 12706.815
3.881094 12700.715
3.882259 12694.624
3.883425 12688.543
3.884589 12682.472
3.885754 12676.411
3.886918 12670.36
3.888082 12664.318
3.889246 12658.286
3.890409 12652.264
3.891572 12646.252
3.892735 12640.249
3.893898 12634.257
3.89506 12628.274
3.896222 12622.3
3.897383 12616.336
3.898545 12610.382
3.899706 12604.438
3.900866 12598.503
3.902027 12592.578
3.903187 12586.662
3.904347 12580.757
3.905506 12574.86
3.906666 12568.973
3.907825 12563.096
3.908984 12557.229
3.910142 12551.371
3.9113 12545.522
3.912458 12539.683
3.913616 12533.853
3.914773 12528.033
3.91593 12522.223
3.917087 12516.422
3.918243 12510.63
3.919399 12504.848
3.920555 12499.075
3.921711 12493.312
3.922866 12487.558
3.924022 12481.813
3.925176 12476.078
3.926331 12470.352
3.927485 12464.635
3.928639 12458.928
3.929793 12453.23
3.930947 12447.542
3.9321 12441.863
3.933253 12436.193
3.934405 12430.532
3.935558 12424.881
3.93671 12419.239
3.937862 12413.606
3.939014 12407.982
3.940165 12402.368
3.941316 12396.763
3.942467 12391.166
3.943618 12385.58
3.944768 12380.002
3.945918 12374.433
3.947068 12368.874
3.948217 12363.324
3.949367 12357.783
3.950516 12352.251
3.951665 12346.728
3.952813 12341.214
3.953961 12335.709
3.95511 12330.213
3.956257 12324.727
3.957405 12319.249
3.958552 12313.781
3.959699 12308.321
3.960846 12302.87
3.961993 12297.429
3.963139 12291.996
3.964285 12286.573
3.965431 12281.158
3.966577 12275.752
3.967722 12270.355
3.968867 12264.968
3.970012 12259.589
3.971157 12254.219
3.972301 12248.857
3.973445 12243.505
3.974589 12238.162
3.975733 12232.827
3.976876 12227.501
3.978019 12222.184
3.979162 12216.876
3.980305 12211.577
3.981448 12206.286
3.98259 12201.005
3.983732 12195.732
3.984874 12190.468
3.986016 12185.212
3.987157 12179.965
3.988298 12174.727
3.989439 12169.498
3.99058 12164.278
3.99172 12159.066
3.99286 12153.863
3.994 12148.668
3.99514 12143.482
3.99628 12138.305
3.997419 12133.136
3.998558 12127.976
3.999697 12122.825
4.000836 12117.682
4.001974 12112.548
4.003113 12107.423
4.004251 12102.306
4.005389 12097.197
4.006526 12092.097
4.007664 12087.006
4.008801 12081.923
4.009938 12076.849
4.011074 12071.783
4.012211 12066.726
4.013347 12061.677
4.014483 12056.637
4.015619 12051.605
4.016755 12046.581
4.017891 12041.566
4.019026 12036.56
4.020161 12031.562
4.021296 12026.572
4.022431 12021.591
4.023565 12016.618
4.024699 12011.653
4.025833 12006.697
4.026967 12001.749
4.028101 11996.809
4.029234 11991.878
4.030368 11986.955
4.031501 11982.041
4.032633 11977.135
4.033766 11972.237
4.034899 11967.347
4.036031 11962.466
4.037163 11957.593
4.038295 11952.728
4.039427 11947.871
4.040558 11943.023
4.041689 11938.182
4.04282 11933.35
4.043951 11928.527
4.045082 11923.711
4.046213 11918.903
4.047343 11914.104
4.048473 11909.313
4.049603 11904.53
4.050733 11899.755
4.051862 11894.989
4.052992 11890.23
4.054121 11885.479
4.05525 11880.737
4.056379 11876.003
4.057508 11871.276
4.058636 11866.558
4.059765 11861.848
4.060893 11857.146
4.062021 11852.452
4.063148 11847.766
4.064276 11843.088
4.065403 11838.418
4.066531 11833.756
4.067658 11829.102
4.068785 11824.456
4.069911 11819.818
4.071038 11815.188
4.072164 11810.565
4.07329 11805.951
4.074416 11801.345
4.075542 11796.746
4.076668 11792.156
4.077793 11787.573
4.078919 11782.998
4.080044 11778.432
4.081169 11773.873
4.082294 11769.321
4.083418 11764.778
4.084543 11760.243
4.085667 11755.715
4.086791 11751.195
4.087915 11746.683
4.089039 11742.179
4.090163 11737.682
4.091286 11733.194
4.09241 11728.713
4.093533 11724.24
4.094656 11719.774
4.095779 11715.317
4.096902 11710.867
4.098024 11706.425
4.099147 11701.99
4.100269 11697.563
4.101391 11693.144
4.102513 11688.733
4.103635 11684.329
4.104756 11679.933
4.105878 11675.544
4.106999 11671.164
4.10812 11666.79
4.109241 11662.425
4.110362 11658.067
4.111483 11653.717
4.112603 11649.374
4.113724 11645.039
4.114844 11640.711
4.115964 11636.391
4.117084 11632.079
4.118204 11627.774
4.119324 11623.477
4.120443 11619.187
4.121562 11614.904
4.122682 11610.63
4.123801 11606.362
4.12492 11602.103
4.126039 11597.85
4.127157 11593.605
4.128276 11589.368
4.129394 11585.138
4.130512 11580.916
4.131631 11576.701
4.132748 11572.493
4.133866 11568.293
4.134984 11564.1
4.136102 11559.915
4.137219 11555.737
4.138336 11551.566
4.139453 11547.403
4.140571 11543.247
4.141687 11539.099
4.142804 11534.958
4.143921 11530.824
4.145037 11526.697
4.146154 11522.578
4.14727 11518.466
4.148386 11514.362
4.149502 11510.265
4.150618 11506.175
4.151734 11502.092
4.152849 11498.017
4.153965 11493.949
4.15508 11489.888
4.156195 11485.834
4.15731 11481.788
4.158425 11477.749
4.15954 11473.717
4.160655 11469.692
4.161769 11465.674
4.162884 11461.664
4.163998 11457.661
4.165113 11453.665
4.166227 11449.676
4.167341 11445.694
4.168455 11441.72
4.169568 11437.752
4.170682 11433.792
4.171796 11429.839
4.172909 11425.893
4.174022 11421.954
4.175136 11418.022
4.176249 11414.097
4.177362 11410.179
4.178474 11406.269
4.179587 11402.365
4.1807 11398.469
4.181812 11394.579
4.182925 11390.697
4.184037 11386.821
4.185149 11382.953
4.186261 11379.092
4.187373 11375.237
4.188485 11371.39
4.189597 11367.55
4.190709 11363.716
4.19182 11359.89
4.192932 11356.07
4.194043 11352.258
4.195154 11348.452
4.196265 11344.653
4.197376 11340.862
4.198487 11337.077
4.199598 11333.299
4.200709 11329.528
4.20182 11325.764
4.20293 11322.007
4.204041 11318.256
4.205151 11314.513
4.206261 11310.776
4.207371 11307.046
4.208481 11303.323
4.209591 11299.607
4.210701 11295.898
4.211811 11292.196
4.212921 11288.5
4.21403 11284.811
4.21514 11281.129
4.216249 11277.454
4.217358 11273.785
4.218468 11270.124
4.219577 11266.469
4.220686 11262.82
4.221795 11259.179
4.222904 11255.544
4.224012 11251.916
4.225121 11248.295
4.22623 11244.681
4.227338 11241.073
4.228447 11237.472
4.229555 11233.877
4.230663 11230.29
4.231771 11226.708
4.232879 11223.134
4.233987 11219.566
4.235095 11216.005
4.236203 11212.451
4.237311 11208.903
4.238419 11205.362
4.239526 11201.827
4.240634 11198.299
4.241741 11194.778
4.242848 11191.263
4.243956 11187.755
4.245063 11184.253
4.24617 11180.758
4.247277 11177.27
4.248384 11173.788
4.249491 11170.313
4.250598 11166.844
4.251705 11163.382
4.252811 11159.926
4.253918 11156.477
4.255024 11153.034
4.256131 11149.598
4.257237 11146.168
4.258344 11142.745
4.25945 11139.328
4.260556 11135.918
4.261662 11132.514
4.262768 11129.117
4.263874 11125.726
4.26498 11122.342
4.266086 11118.964
4.267192 11115.592
4.268297 11112.227
4.269403 11108.868
4.270509 11105.516
4.271614 11102.17
4.27272 11098.831
4.273825 11095.498
4.27493 11092.171
4.276036 11088.85
4.277141 11085.536
4.278246 11082.229
4.279351 11078.927
4.280456 11075.632
4.281561 11072.344
4.282666 11069.061
4.283771 11065.785
4.284876 11062.516
4.285981 11059.252
4.287085 11055.995
4.28819 11052.744
4.289295 11049.5
4.290399 11046.262
4.291504 11043.03
4.292608 11039.804
4.293712 11036.585
4.294817 11033.371
4.295921 11030.164
4.297025 11026.964
4.298129 11023.769
4.299234 11020.581
4.300338 11017.399
4.301442 11014.223
4.302546 11011.053
4.30365 11007.889
4.304753 11004.732
4.305857 11001.581
4.306961 10998.436
4.308065 10995.297
4.309169 10992.164
4.310272 10989.038
4.311376 10985.917
4.312479 10982.803
4.313583 10979.695
4.314686 10976.593
4.31579 10973.497
4.316893 10970.407
4.317997 10967.324
4.3191 10964.246
4.320203 10961.174
4.321306 10958.109
4.32241 10955.05
4.323513 10951.996
4.324616 10948.949
4.325719 10945.908
4.326822 10942.872
4.327925 10939.843
4.329028 10936.82
4.330131 10933.803
4.331234 10930.792
4.332337 10927.787
4.33344 10924.788
4.334543 10921.795
4.335645 10918.807
4.336748 10915.826
4.337851 10912.851
4.338954 10909.882
4.340056 10906.919
4.341159 10903.961
4.342262 10901.01
4.343364 10898.065
4.344467 10895.125
4.345569 10892.192
4.346672 10889.264
4.347774 10886.342
4.348877 10883.426
4.349979 10880.517
4.351082 10877.612
4.352184 10874.714
4.353286 10871.822
4.354389 10868.936
4.355491 10866.055
4.356593 10863.18
4.357696 10860.312
4.358798 10857.449
4.3599 10854.592
4.361002 10851.74
4.362105 10848.895
4.363207 10846.055
4.364309 10843.221
4.365411 10840.393
4.366513 10837.571
4.367615 10834.755
4.368717 10831.944
4.369819 10829.139
4.370922 10826.34
4.372024 10823.547
4.373126 10820.759
4.374228 10817.977
4.37533 10815.201
4.376432 10812.431
4.377534 10809.666
4.378636 10806.907
4.379738 10804.154
4.38084 10801.407
4.381942 10798.665
4.383044 10795.929
4.384145 10793.199
4.385247 10790.474
4.386349 10787.755
4.387451 10785.042
4.388553 10782.334
4.389655 10779.632
4.390757 10776.936
4.391859 10774.245
4.392961 10771.56
4.394063 10768.881
4.395164 10766.207
4.396266 10763.539
4.397368 10760.877
4.39847 10758.22
4.399572 10755.569
4.400674 10752.923
4.401776 10750.283
4.402878 10747.649
4.403979 10745.02
4.405081 10742.396
4.406183 10739.779
4.407285 10737.166
4.408387 10734.56
4.409489 10731.959
4.410591 10729.363
4.411693 10726.773
4.412795 10724.189
4.413897 10721.61
4.414998 10719.037
4.4161 10716.469
4.417202 10713.907
4.418304 10711.35
4.419406 10708.798
4.420508 10706.253
4.42161 10703.712
4.422712 10701.177
4.423814 10698.648
4.424916 10696.124
4.426018 10693.605
4.42712 10691.092
4.428222 10688.585
4.429324 10686.083
4.430426 10683.586
4.431528 10681.095
4.43263 10678.609
4.433732 10676.129
4.434835 10673.654
4.435937 10671.184
4.437039 10668.72
4.438141 10666.261
4.439243 10663.808
4.440345 10661.36
4.441448 10658.917
4.44255 10656.48
4.443652 10654.048
4.444754 10651.621
4.445857 10649.2
4.446959 10646.784
4.448061 10644.374
4.449164 10641.969
4.450266 10639.569
4.451369 10637.174
4.452471 10634.785
4.453573 10632.401
4.454676 10630.023
4.455778 10627.65
4.456881 10625.282
4.457983 10622.919
4.459086 10620.562
4.460189 10618.21
4.461291 10615.863
4.462394 10613.521
4.463497 10611.185
4.464599 10608.854
4.465702 10606.528
4.466805 10604.208
4.467908 10601.893
4.469011 10599.583
4.470114 10597.278
4.471216 10594.978
4.472319 10592.684
4.473422 10590.395
4.474525 10588.111
4.475628 10585.832
4.476731 10583.558
4.477835 10581.29
4.478938 10579.027
4.480041 10576.769
4.481144 10574.516
4.482247 10572.269
4.483351 10570.026
4.484454 10567.789
4.485557 10565.557
4.486661 10563.33
4.487764 10561.108
4.488868 10558.891
4.489971 10556.679
4.491075 10554.473
4.492179 10552.271
4.493282 10550.075
4.494386 10547.884
4.49549 10545.698
4.496593 10543.517
4.497697 10541.341
4.498801 10539.171
4.499905 10537.005
4.501009 10534.844
4.502113 10532.689
4.503217 10530.538
4.504321 10528.393
4.505425 10526.252
4.50653 10524.117
4.507634 10521.987
4.508738 10519.862
4.509843 10517.741
4.510947 10515.626
4.512051 10513.516
4.513156 10511.411
4.514261 10509.311
4.515365 10507.216
4.51647 10505.126
4.517575 10503.041
4.518679 10500.961
4.519784 10498.885
4.520889 10496.815
4.521994 10494.75
4.523099 10492.69
4.524204 10490.635
4.525309 10488.584
4.526414 10486.539
4.52752 10484.499
4.528625 10482.463
4.52973 10480.433
4.530836 10478.407
4.531941 10476.387
4.533047 10474.371
4.534152 10472.36
4.535258 10470.354
4.536363 10468.353
4.537469 10466.357
4.538575 10464.366
4.539681 10462.38
4.540787 10460.398
4.541893 10458.422
4.542999 10456.45
4.544105 10454.484
4.545211 10452.522
4.546318 10450.565
4.547424 10448.613
4.54853 10446.665
4.549637 10444.723
4.550743 10442.785
4.55185 10440.852
4.552957 10438.925
4.554064 10437.001
4.55517 10435.083
4.556277 10433.17
4.557384 10431.261
4.558491 10429.357
4.559598 10427.458
4.560706 10425.564
4.561813 10423.674
4.56292 10421.79
4.564028 10419.91
4.565135 10418.035
4.566243 10416.164
4.56735 10414.299
4.568458 10412.438
4.569566 10410.582
4.570674 10408.731
4.571782 10406.884
4.57289 10405.042
4.573998 10403.205
4.575106 10401.373
4.576214 10399.545
4.577323 10397.723
4.578431 10395.904
4.579539 10394.091
4.580648 10392.282
4.581757 10390.478
4.582865 10388.679
4.583974 10386.884
4.585083 10385.094
4.586192 10383.309
4.587301 10381.529
4.58841 10379.753
4.58952 10377.982
4.590629 10376.215
4.591738 10374.453
4.592848 10372.696
4.593958 10370.943
4.595067 10369.195
4.596177 10367.452
4.597287 10365.714
4.598397 10363.98
4.599507 10362.25
4.600617 10360.525
4.601727 10358.805
4.602838 10357.09
4.603948 10355.379
4.605059 10353.673
4.606169 10351.971
4.60728 10350.274
4.608391 10348.581
4.609502 10346.894
4.610612 10345.21
4.611724 10343.532
4.612835 10341.857
4.613946 10340.188
4.615057 10338.523
4.616169 10336.862
4.61728 10335.206
4.618392 10333.555
4.619504 10331.908
4.620616 10330.266
4.621728 10328.628
4.62284 10326.995
4.623952 10325.366
4.625064 10323.742
4.626176 10322.123
4.627289 10320.508
4.628401 10318.897
4.629514 10317.291
4.630627 10315.689
4.63174 10314.092
4.632853 10312.5
4.633966 10310.912
4.635079 10309.328
4.636192 10307.749
4.637306 10306.174
4.638419 10304.604
4.639533 10303.038
4.640647 10301.477
4.64176 10299.92
4.642874 10298.368
4.643988 10296.82
4.645103 10295.277
4.646217 10293.738
4.647331 10292.203
4.648446 10290.673
4.64956 10289.147
4.650675 10287.626
4.65179 10286.109
4.652905 10284.597
4.65402 10283.089
4.655135 10281.585
4.656251 10280.086
4.657366 10278.591
4.658482 10277.1
4.659597 10275.614
4.660713 10274.133
4.661829 10272.655
4.662945 10271.183
4.664061 10269.714
4.665177 10268.25
4.666294 10266.79
4.66741 10265.335
4.668527 10263.884
4.669643 10262.437
4.67076 10260.994
4.671877 10259.556
4.672994 10258.123
4.674112 10256.693
4.675229 10255.268
4.676346 10253.848
4.677464 10252.431
4.678582 10251.019
4.679699 10249.611
4.680817 10248.208
4.681936 10246.809
4.683054 10245.414
4.684172 10244.023
4.685291 10242.637
4.686409 10241.255
4.687528 10239.878
4.688647 10238.504
4.689766 10237.135
4.690885 10235.77
4.692004 10234.41
4.693124 10233.053
4.694243 10231.701
4.695363 10230.354
4.696483 10229.01
4.697603 10227.671
4.698723 10226.336
4.699843 10225.005
4.700963 10223.678
4.702084 10222.356
4.703204 10221.038
4.704325 10219.724
4.705446 10218.414
4.706567 10217.109
4.707688 10215.808
4.708809 10214.511
4.709931 10213.218
4.711052 10211.929
4.712174 10210.645
4.713296 10209.365
4.714418 10208.089
4.71554 10206.817
4.716662 10205.549
4.717785 10204.286
4.718907 10203.026
4.72003 10201.771
4.721153 10200.52
4.722276 10199.273
4.723399 10198.031
4.724522 10196.792
4.725646 10195.558
4.726769 10194.328
4.727893 10193.101
4.729017 10191.88
4.730141 10190.662
4.731265 10189.448
4.732389 10188.239
4.733514 10187.033
4.734639 10185.832
4.735763 10184.635
4.736888 10183.442
4.738013 10182.253
4.739139 10181.068
4.740264 10179.887
4.741389 10178.71
4.742515 10177.538
4.743641 10176.369
4.744767 10175.205
4.745893 10174.045
4.74702 10172.888
4.748146 10171.736
4.749273 10170.588
4.750399 10169.444
4.751526 10168.304
4.752653 10167.168
4.753781 10166.036
4.754908 10164.909
4.756036 10163.785
4.757163 10162.665
4.758291 10161.549
4.759419 10160.438
4.760548 10159.33
4.761676 10158.227
4.762805 10157.127
4.763933 10156.032
4.765062 10154.94
4.766191 10153.853
4.767321 10152.769
4.76845 10151.69
4.769579 10150.614
4.770709 10149.543
4.771839 10148.475
4.772969 10147.412
4.774099 10146.352
4.77523 10145.297
4.77636 10144.245
4.777491 10143.198
4.778622 10142.154
4.779753 10141.115
4.780884 10140.079
4.782016 10139.048
4.783147 10138.02
4.784279 10136.996
4.785411 10135.976
4.786543 10134.96
4.787675 10133.949
4.788808 10132.941
4.78994 10131.937
4.791073 10130.937
4.792206 10129.941
4.793339 10128.948
4.794473 10127.96
4.795606 10126.976
4.79674 10125.995
4.797874 10125.019
4.799008 10124.046
4.800142 10123.078
4.801276 10122.113
4.802411 10121.152
4.803546 10120.195
4.804681 10119.242
4.805816 10118.293
4.806951 10117.347
4.808087 10116.406
4.809222 10115.468
4.810358 10114.535
4.811494 10113.605
4.812631 10112.679
4.813767 10111.757
4.814904 10110.839
4.816041 10109.924
4.817178 10109.014
4.818315 10108.107
4.819452 10107.205
4.82059 10106.306
4.821727 10105.411
4.822865 10104.519
4.824003 10103.632
4.825142 10102.749
4.82628 10101.869
4.827419 10100.993
4.828558 10100.121
4.829697 10099.253
4.830836 10098.388
4.831976 10097.528
4.833116 10096.671
4.834255 10095.818
4.835396 10094.969
4.836536 10094.123
4.837676 10093.282
4.838817 10092.444
4.839958 10091.61
4.841099 10090.78
4.84224 10089.953
4.843382 10089.131
4.844523 10088.312
4.845665 10087.497
4.846807 10086.685
4.84795 10085.878
4.849092 10085.074
4.850235 10084.274
4.851378 10083.478
4.852521 10082.685
4.853664 10081.897
4.854807 10081.112
4.855951 10080.33
4.857095 10079.553
4.858239 10078.779
4.859384 10078.009
4.860528 10077.243
4.861673 10076.48
4.862818 10075.721
4.863963 10074.966
4.865108 10074.215
4.866254 10073.467
4.8674 10072.723
4.868546 10071.983
4.869692 10071.247
4.870838 10070.514
4.871985 10069.785
4.873132 10069.059
4.874279 10068.337
4.875426 10067.619
4.876574 10066.905
4.877721 10066.194
4.878869 10065.487
4.880017 10064.784
4.881166 10064.085
4.882314 10063.389
4.883463 10062.696
4.884612 10062.008
4.885762 10061.323
4.886911 10060.642
4.888061 10059.964
4.889211 10059.29
4.890361 10058.62
4.891511 10057.953
4.892662 10057.29
4.893812 10056.631
4.894964 10055.975
4.896115 10055.323
4.897266 10054.675
4.898418 10054.03
4.89957 10053.389
4.900722 10052.751
4.901874 10052.118
4.903027 10051.487
4.90418 10050.861
4.905333 10050.238
4.906486 10049.618
4.90764 10049.002
4.908794 10048.39
4.909948 10047.782
4.911102 10047.177
4.912256 10046.575
4.913411 10045.977
4.914566 10045.383
4.915721 10044.793
4.916876 10044.206
4.918032 10043.622
4.919188 10043.042
4.920344 10042.466
4.9215 10041.893
4.922657 10041.324
4.923814 10040.759
4.924971 10040.197
4.926128 10039.638
4.927286 10039.083
4.928443 10038.532
4.929601 10037.984
4.93076 10037.44
4.931918 10036.899
4.933077 10036.362
4.934236 10035.829
4.935395 10035.299
4.936554 10034.772
4.937714 10034.249
4.938874 10033.73
4.940034 10033.214
4.941195 10032.702
4.942355 10032.193
4.943516 10031.688
4.944678 10031.186
4.945839 10030.688
4.947001 10030.193
4.948163 10029.702
4.949325 10029.214
4.950487 10028.73
4.95165 10028.249
4.952813 10027.772
4.953976 10027.298
4.955139 10026.828
4.956303 10026.361
4.957467 10025.898
4.958631 10025.438
4.959796 10024.982
4.960961 10024.529
4.962125 10024.08
4.963291 10023.634
4.964456 10023.192
4.965622 10022.753
4.966788 10022.318
4.967954 10021.886
4.969121 10021.457
4.970288 10021.032
4.971455 10020.611
4.972622 10020.193
4.973789 10019.778
4.974957 10019.367
4.976125 10018.959
4.977294 10018.555
4.978462 10018.154
4.979631 10017.757
4.9808 10017.363
4.98197 10016.972
4.983139 10016.585
4.984309 10016.201
4.98548 10015.821
4.98665 10015.444
4.987821 10015.071
4.988992 10014.701
4.990163 10014.334
4.991335 10013.971
4.992507 10013.611
4.993679 10013.255
4.994851 10012.902
4.996024 10012.553
4.997197 10012.207
4.99837 10011.864
4.999543 10011.525
5.000717 10011.189
5.001891 10010.856
5.003065 10010.527
5.00424 10010.201
5.005415 10009.879
5.00659 10009.56
5.007765 10009.244
5.008941 10008.932
5.010117 10008.623
5.011293 10008.318
5.01247 10008.016
5.013647 10007.717
5.014824 10007.422
5.016001 10007.13
5.017179 10006.841
5.018357 10006.556
5.019535 10006.274
5.020714 10005.995
5.021892 10005.72
5.023072 10005.448
5.024251 10005.179
5.025431 10004.914
5.026611 10004.652
5.027791 10004.394
5.028971 10004.139
5.030152 10003.887
5.031333 10003.638
5.032515 10003.393
5.033696 10003.151
5.034878 10002.913
5.036061 10002.678
5.037243 10002.446
5.038426 10002.217
5.039609 10001.992
5.040793 10001.77
5.041977 10001.551
5.043161 10001.336
5.044345 10001.124
5.04553 10000.915
5.046715 10000.71
5.0479 10000.508
5.049085 10000.309
5.050271 10000.114
5.051457 9999.921
5.052644 9999.732
5.053831 9999.547
5.055018 9999.364
5.056205 9999.185
5.057393 9999.01
5.058581 9998.837
5.059769 9998.668
5.060957 9998.502
5.062146 9998.339
5.063336 9998.18
5.064525 9998.024
5.065715 9997.871
5.066905 9997.721
5.068095 9997.575
5.069286 9997.432
5.070477 9997.292
5.071668 9997.155
5.07286 9997.022
5.074052 9996.892
5.075244 9996.765
5.076437 9996.641
5.07763 9996.521
5.078823 9996.404
5.080017 9996.29
5.081211 9996.179
5.082405 9996.072
5.083599 9995.968
5.084794 9995.867
5.085989 9995.769
5.087185 9995.674
5.08838 9995.583
5.089577 9995.495
5.090773 9995.41
5.09197 9995.329
5.093167 9995.25
5.094364 9995.175
5.095562 9995.103
5.09676 9995.034
5.097958 9994.969
5.099157 9994.907
5.100356 9994.847
5.101555 9994.791
5.102755 9994.739
5.103955 9994.689
5.105155 9994.643
5.106356 9994.6
5.107557 9994.56
5.108758 9994.523
5.10996 9994.489
5.111162 9994.459
5.112364 9994.432
5.113567 9994.408
5.11477 9994.387
5.115973 9994.369
5.117177 9994.355
5.118381 9994.343
5.119585 9994.335
5.12079 9994.33
5.121995 9994.328
5.1232 9994.329
5.124406 9994.334
5.125612 9994.342
5.126818 9994.352
5.128025 9994.366
5.129232 9994.383
5.130439 9994.404
5.131647 9994.427
5.132855 9994.454
5.134063 9994.483
5.135272 9994.516
5.136481 9994.552
5.137691 9994.591
5.1389 9994.634
5.14011 9994.679
5.141321 9994.728
5.142532 9994.779
5.143743 9994.834
5.144954 9994.892
5.146166 9994.953
5.147379 9995.017
5.148591 9995.085
5.149804 9995.155
5.151017 9995.229
5.152231 9995.305
5.153445 9995.385
5.154659 9995.468
5.155874 9995.554
5.157089 9995.643
5.158305 9995.735
5.15952 9995.831
5.160736 9995.929
5.161953 9996.031
5.16317 9996.135
5.164387 9996.243
5.165605 9996.354
5.166822 9996.468
5.168041 9996.585
5.169259 9996.705
5.170478 9996.828
5.171698 9996.954
5.172918 9997.084
5.174138 9997.216
5.175358 9997.352
5.176579 9997.491
5.1778 9997.632
5.179022 9997.777
5.180244 9997.925
5.181466 9998.076
5.182689 9998.23
5.183912 9998.387
5.185135 9998.547
5.186359 9998.71
5.187583 9998.877
5.188808 9999.046
5.190033 9999.218
5.191258 9999.394
5.192484 9999.572
5.19371 9999.754
5.194936 9999.938
5.196163 10000.126
5.19739 10000.317
5.198618 10000.511
5.199846 10000.707
5.201074 10000.907
5.202303 10001.11
5.203532 10001.316
5.204762 10001.525
5.205992 10001.737
5.207222 10001.952
5.208452 10002.17
5.209683 10002.392
5.210915 10002.616
5.212147 10002.843
5.213379 10003.073
5.214611 10003.306
5.215844 10003.543
5.217078 10003.782
5.218311 10004.024
5.219546 10004.27
5.22078 10004.518
5.222015 10004.77
5.22325 10005.024
5.224486 10005.281
5.225722 10005.542
5.226959 10005.805
5.228196 10006.072
5.229433 10006.341
5.230671 10006.614
5.231909 10006.889
5.233147 10007.168
5.234386 10007.449
5.235625 10007.734
5.236865 10008.021
5.238105 10008.311
5.239346 10008.605
5.240586 10008.901
5.241828 10009.201
5.24307 10009.503
5.244312 10009.809
5.245554 10010.117
5.246797 10010.429
5.24804 10010.743
5.249284 10011.06
5.250528 10011.381
5.251773 10011.704
5.253018 10012.03
5.254263 10012.36
5.255509 10012.692
5.256755 10013.027
5.258002 10013.365
5.259249 10013.706
5.260496 10014.051
5.261744 10014.398
5.262992 10014.748
5.264241 10015.101
5.26549 10015.457
5.26674 10015.816
5.26799 10016.178
5.26924 10016.543
5.270491 10016.91
5.271742 10017.281
5.272994 10017.655
5.274246 10018.032
5.275498 10018.411
5.276751 10018.794
5.278005 10019.179
5.279258 10019.568
5.280513 10019.959
5.281767 10020.354
5.283022 10020.751
5.284278 10021.151
5.285534 10021.554
5.28679 10021.961
5.288047 10022.37
5.289304 10022.782
5.290562 10023.197
5.29182 10023.615
5.293078 10024.035
5.294337 10024.459
5.295596 10024.886
5.296856 10025.315
5.298116 10025.748
5.299377 10026.183
5.300638 10026.622
5.3019 10027.063
5.303162 10027.507
5.304424 10027.954
5.305687 10028.404
5.30695 10028.857
5.308214 10029.313
5.309478 10029.772
5.310743 10030.234
5.312008 10030.698
5.313274 10031.166
5.31454 10031.636
5.315806 10032.11
5.317073 10032.586
5.31834 10033.065
5.319608 10033.547
5.320877 10034.032
5.322145 10034.52
5.323414 10035.011
5.324684 10035.504
5.325954 10036.001
5.327225 10036.5
5.328496 10037.003
5.329767 10037.508
5.331039 10038.016
5.332311 10038.527
5.333584 10039.041
5.334857 10039.558
5.336131 10040.078
5.337405 10040.6
5.33868 10041.126
5.339955 10041.654
5.341231 10042.185
5.342507 10042.719
5.343783 10043.256
5.34506 10043.796
5.346338 10044.339
5.347615 10044.884
5.348894 10045.433
5.350173 10045.984
5.351452 10046.538
5.352732 10047.096
5.354012 10047.655
5.355293 10048.218
5.356574 10048.784
5.357856 10049.353
5.359138 10049.924
5.36042 10050.498
5.361704 10051.075
5.362987 10051.655
5.364271 10052.238
5.365556 10052.824
5.366841 10053.413
5.368126 10054.004
5.369412 10054.598
5.370699 10055.196
5.371986 10055.796
5.373273 10056.399
5.374561 10057.004
5.37585 10057.613
5.377138 10058.224
5.378428 10058.839
5.379718 10059.456
5.381008 10060.076
5.382299 10060.698
5.38359 10061.324
5.384882 10061.953
5.386174 10062.584
5.387467 10063.218
5.388761 10063.855
5.390054 10064.495
5.391349 10065.138
5.392643 10065.783
5.393939 10066.432
5.395235 10067.083
5.396531 10067.737
5.397828 10068.394
5.399125 10069.053
5.400423 10069.716
5.401721 10070.381
5.40302 10071.049
5.404319 10071.72
5.405619 10072.394
5.406919 10073.071
5.40822 10073.75
5.409522 10074.433
5.410823 10075.118
5.412126 10075.806
5.413429 10076.496
5.414732 10077.19
5.416036 10077.886
5.41734 10078.586
5.418645 10079.288
5.419951 10079.993
5.421257 10080.7
5.422563 10081.411
5.42387 10082.124
5.425178 10082.84
5.426486 10083.559
5.427794 10084.281
5.429103 10085.005
5.430413 10085.733
5.431723 10086.463
5.433034 10087.196
5.434345 10087.931
5.435656 10088.67
5.436969 10089.411
5.438281 10090.155
5.439595 10090.902
5.440908 10091.652
5.442223 10092.405
5.443538 10093.16
5.444853 10093.918
5.446169 10094.679
5.447485 10095.443
5.448802 10096.209
5.45012 10096.979
5.451438 10097.751
5.452756 10098.526
5.454076 10099.304
5.455395 10100.084
5.456716 10100.867
5.458036 10101.653
5.459358 10102.442
5.460679 10103.234
5.462002 10104.028
5.463325 10104.826
5.464648 10105.626
5.465972 10106.428
5.467297 10107.234
5.468622 10108.042
5.469948 10108.853
5.471274 10109.667
5.4726 10110.484
5.473928 10111.304
5.475256 10112.126
5.476584 10112.951
5.477913 10113.779
5.479243 10114.609
5.480573 10115.443
5.481903 10116.279
5.483235 10117.118
5.484566 10117.959
5.485899 10118.804
5.487231 10119.651
5.488565 10120.501
5.489899 10121.354
5.491234 10122.209
5.492569 10123.068
5.493904 10123.929
5.495241 10124.793
5.496577 10125.659
5.497915 10126.529
5.499253 10127.401
5.500591 10128.276
5.501931 10129.153
5.50327 10130.034
5.50461 10130.917
5.505951 10131.803
5.507293 10132.692
5.508635 10133.583
5.509977 10134.477
5.51132 10135.374
5.512664 10136.274
5.514008 10137.176
5.515353 10138.082
5.516699 10138.99
5.518045 10139.9
5.519392 10140.814
5.520739 10141.73
5.522087 10142.649
5.523435 10143.571
5.524784 10144.496
5.526133 10145.423
5.527484 10146.353
5.528834 10147.286
5.530186 10148.221
5.531538 10149.16
5.53289 10150.101
5.534243 10151.044
5.535597 10151.991
5.536951 10152.94
5.538306 10153.892
5.539662 10154.847
5.541018 10155.804
5.542375 10156.765
5.543732 10157.728
5.54509 10158.693
5.546448 10159.662
5.547808 10160.633
5.549167 10161.607
5.550528 10162.584
5.551889 10163.563
5.55325 10164.545
5.554612 10165.53
5.555975 10166.518
5.557339 10167.508
5.558703 10168.502
5.560067 10169.497
5.561432 10170.496
5.562798 10171.497
5.564165 10172.501
5.565532 10173.508
5.5669 10174.518
5.568268 10175.53
5.569637 10176.545
5.571007 10177.563
5.572377 10178.583
5.573748 10179.607
5.575119 10180.633
5.576491 10181.661
5.577864 10182.693
5.579237 10183.727
5.580611 10184.764
5.581986 10185.803
5.583361 10186.846
5.584737 10187.891
5.586113 10188.938
5.58749 10189.989
5.588868 10191.042
5.590247 10192.098
5.591626 10193.157
5.593005 10194.218
5.594386 10195.282
5.595767 10196.349
5.597148 10197.419
5.598531 10198.491
5.599913 10199.566
5.601297 10200.644
5.602681 10201.725
5.604066 10202.808
5.605452 10203.894
5.606838 10204.982
5.608225 10206.074
5.609612 10207.168
5.611 10208.265
5.612389 10209.364
5.613778 10210.466
5.615168 10211.571
5.616559 10212.679
5.61795 10213.79
5.619343 10214.903
5.620735 10216.019
5.622129 10217.137
5.623523 10218.258
5.624917 10219.382
5.626313 10220.509
5.627709 10221.639
5.629105 10222.771
5.630503 10223.906
5.631901 10225.043
5.6333 10226.184
5.634699 10227.327
5.636099 10228.472
5.6375 10229.621
5.638901 10230.772
5.640303 10231.926
5.641706 10233.082
5.64311 10234.242
5.644514 10235.404
5.645918 10236.569
5.647324 10237.736
5.64873 10238.906
5.650137 10240.079
5.651545 10241.255
5.652953 10242.433
5.654362 10243.614
5.655771 10244.798
5.657182 10245.984
5.658593 10247.173
5.660004 10248.365
5.661417 10249.56
5.66283 10250.757
5.664244 10251.957
5.665658 10253.16
5.667073 10254.365
5.668489 10255.573
5.669906 10256.784
5.671323 10257.998
5.672741 10259.214
5.67416 10260.433
5.675579 10261.655
5.676999 10262.879
5.67842 10264.106
5.679842 10265.336
5.681264 10266.568
5.682687 10267.804
5.68411 10269.042
5.685535 10270.282
5.68696 10271.526
5.688386 10272.772
5.689812 10274.02
5.69124 10275.272
5.692668 10276.526
5.694096 10277.783
5.695526 10279.043
5.696956 10280.305
5.698387 10281.57
5.699818 10282.838
5.701251 10284.108
5.702684 10285.381
5.704117 10286.657
5.705552 10287.936
5.706987 10289.217
5.708423 10290.501
5.70986 10291.787
5.711297 10293.077
5.712736 10294.369
5.714175 10295.664
5.715614 10296.961
5.717055 10298.261
5.718496 10299.564
5.719938 10300.87
5.72138 10302.178
5.722824 10303.489
5.724268 10304.803
5.725713 10306.12
5.727158 10307.439
5.728605 10308.761
5.730052 10310.085
5.7315 10311.412
5.732949 10312.742
5.734398 10314.075
5.735848 10315.411
5.737299 10316.749
5.738751 10318.089
5.740203 10319.433
5.741657 10320.779
5.743111 10322.128
5.744565 10323.48
5.746021 10324.834
5.747477 10326.191
5.748934 10327.551
5.750392 10328.914
5.751851 10330.279
5.75331 10331.647
5.75477 10333.017
5.756231 10334.391
5.757693 10335.767
5.759155 10337.145
5.760619 10338.527
5.762083 10339.911
5.763548 10341.298
5.765013 10342.687
5.76648 10344.08
5.767947 10345.475
5.769415 10346.872
5.770884 10348.273
5.772353 10349.676
5.773824 10351.082
5.775295 10352.49
5.776767 10353.902
5.778239 10355.316
5.779713 10356.732
5.781187 10358.152
5.782663 10359.574
5.784138 10360.999
5.785615 10362.426
5.787093 10363.856
5.788571 10365.289
5.79005 10366.725
5.79153 10368.163
5.793011 10369.605
5.794493 10371.048
5.795975 10372.495
5.797458 10373.944
5.798943 10375.396
5.800427 10376.851
5.801913 10378.308
5.8034 10379.768
5.804887 10381.231
5.806375 10382.697
5.807864 10384.165
5.809354 10385.636
5.810845 10387.109
5.812336 10388.586
5.813828 10390.065
5.815321 10391.547
5.816815 10393.031
5.81831 10394.519
5.819806 10396.009
5.821302 10397.501
5.8228 10398.997
5.824298 10400.495
5.825797 10401.996
5.827297 10403.499
5.828797 10405.006
5.830299 10406.515
5.831801 10408.026
5.833305 10409.541
5.834809 10411.058
5.836314 10412.578
5.837819 10414.101
5.839326 10415.626
5.840834 10417.154
5.842342 10418.685
5.843851 10420.218
5.845361 10421.755
5.846872 10423.294
5.848384 10424.835
5.849897 10426.38
5.85141 10427.927
5.852925 10429.477
5.85444 10431.03
5.855956 10432.585
5.857473 10434.143
5.858991 10435.704
5.86051 10437.267
5.862029 10438.834
5.86355 10440.403
5.865071 10441.974
5.866594 10443.549
5.868117 10445.126
5.869641 10446.706
5.871166 10448.289
5.872692 10449.874
5.874218 10451.462
5.875746 10453.053
5.877275 10454.647
5.878804 10456.243
5.880334 10457.842
5.881866 10459.444
5.883398 10461.048
5.884931 10462.656
5.886465 10464.266
5.887999 10465.878
5.889535 10467.494
5.891072 10469.112
5.892609 10470.733
5.894148 10472.357
5.895687 10473.983
5.897227 10475.613
5.898769 10477.244
5.900311 10478.879
5.901854 10480.517
5.903398 10482.157
5.904943 10483.8
5.906488 10485.445
5.908035 10487.094
5.909583 10488.745
5.911131 10490.399
5.912681 10492.056
5.914231 10493.715
5.915783 10495.377
5.917335 10497.042
5.918888 10498.71
5.920442 10500.38
5.921997 10502.053
5.923554 10503.729
5.925111 10505.408
5.926668 10507.09
5.928227 10508.774
5.929787 10510.461
5.931348 10512.15
5.93291 10513.843
5.934472 10515.538
5.936036 10517.236
5.937601 10518.937
5.939166 10520.64
5.940733 10522.347
5.9423 10524.056
5.943869 10525.768
5.945438 10527.482
5.947009 10529.199
5.94858 10530.92
5.950152 10532.642
5.951726 10534.368
5.9533 10536.096
5.954875 10537.828
5.956451 10539.562
5.958029 10541.298
5.959607 10543.038
5.961186 10544.78
5.962766 10546.525
5.964347 10548.273
5.965929 10550.023
5.967512 10551.777
5.969097 10553.533
5.970682 10555.292
5.972268 10557.054
5.973855 10558.818
5.975443 10560.585
5.977032 10562.355
5.978622 10564.128
5.980213 10565.904
5.981805 10567.682
5.983399 10569.463
5.984993 10571.247
5.986588 10573.034
5.988184 10574.823
5.989781 10576.616
5.991379 10578.411
5.992978 10580.209
5.994579 10582.009
5.99618 10583.813
5.997782 10585.619
5.999385 10587.428
6.00099 10589.24
6.002595 10591.055
6.004201 10592.872
6.005809 10594.693
6.007417 10596.516
6.009027 10598.341
6.010637 10600.17
6.012249 10602.002
6.013861 10603.836
6.015475 10605.673
6.01709 10607.513
6.018706 10609.355
6.020322 10611.201
6.02194 10613.049
6.023559 10614.9
6.025179 10616.754
6.0268 10618.611
6.028422 10620.47
6.030045 10622.333
6.031669 10624.198
6.033295 10626.066
6.034921 10627.937
6.036548 10629.81
6.038177 10631.687
6.039806 10633.566
6.041437 10635.448
6.043069 10637.333
6.044701 10639.221
6.046335 10641.111
6.04797 10643.005
6.049606 10644.901
6.051243 10646.8
6.052882 10648.702
6.054521 10650.607
6.056161 10652.514
6.057803 10654.424
6.059445 10656.338
6.061089 10658.254
6.062734 10660.173
6.06438 10662.094
6.066026 10664.019
6.067675 10665.946
6.069324 10667.876
6.070974 10669.809
6.072625 10671.745
6.074278 10673.684
6.075932 10675.626
6.077586 10677.57
6.079242 10679.518
6.080899 10681.468
6.082557 10683.421
6.084217 10685.377
6.085877 10687.335
6.087539 10689.297
6.089201 10691.261
6.090865 10693.229
6.09253 10695.199
6.094196 10697.172
6.095863 10699.148
6.097532 10701.126
6.099201 10703.108
6.100872 10705.093
6.102544 10707.08
6.104217 10709.07
6.105891 10711.063
6.107566 10713.059
6.109242 10715.058
6.11092 10717.06
6.112599 10719.064
6.114279 10721.072
6.11596 10723.082
6.117642 10725.095
6.119325 10727.111
6.12101 10729.13
6.122696 10731.152
6.124383 10733.177
6.126071 10735.205
6.12776 10737.235
6.129451 10739.269
6.131142 10741.305
6.132835 10743.344
6.134529 10745.386
6.136224 10747.431
6.137921 10749.479
6.139619 10751.53
6.141317 10753.584
6.143017 10755.64
6.144719 10757.7
6.146421 10759.762
6.148125 10761.828
6.14983 10763.896
6.151536 10765.967
6.153243 10768.041
6.154952 10770.118
6.156662 10772.198
6.158373 10774.281
6.160085 10776.366
6.161798 10778.455
6.163513 10780.547
6.165229 10782.641
6.166946 10784.739
6.168664 10786.839
6.170384 10788.942
6.172105 10791.048
6.173827 10793.157
6.17555 10795.27
6.177275 10797.385
6.179001 10799.502
6.180728 10801.623
6.182456 10803.747
6.184186 10805.874
6.185917 10808.004
6.187649 10810.136
6.189382 10812.272
6.191117 10814.41
6.192853 10816.552
6.19459 10818.696
6.196329 10820.844
6.198068 10822.994
6.199809 10825.147
6.201552 10827.304
6.203295 10829.463
6.20504 10831.625
6.206786 10833.79
6.208534 10835.958
6.210283 10838.129
6.212033 10840.303
6.213784 10842.48
6.215537 10844.66
6.217291 10846.843
6.219046 10849.029
6.220803 10851.218
6.222561 10853.41
6.22432 10855.605
6.226081 10857.803
6.227842 10860.004
6.229606 10862.208
6.23137 10864.414
6.233136 10866.624
6.234903 10868.837
6.236672 10871.053
6.238442 10873.272
6.240213 10875.494
6.241985 10877.718
6.243759 10879.946
6.245534 10882.177
6.247311 10884.411
6.249089 10886.648
6.250868 10888.887
6.252649 10891.13
6.254431 10893.376
6.256214 10895.625
6.257999 10897.877
6.259785 10900.132
6.261572 10902.39
6.263361 10904.651
6.265151 10906.915
6.266943 10909.182
6.268736 10911.452
6.27053 10913.725
6.272326 10916.001
6.274123 10918.28
6.275922 10920.562
6.277722 10922.848
6.279523 10925.136
6.281326 10927.427
6.28313 10929.722
6.284935 10932.019
6.286742 10934.32
6.28855 10936.623
6.29036 10938.93
6.292171 10941.239
6.293984 10943.552
6.295798 10945.868
6.297613 10948.186
6.29943 10950.508
6.301248 10952.833
6.303068 10955.161
6.304889 10957.492
6.306712 10959.827
6.308536 10962.164
6.310361 10964.504
6.312188 10966.848
6.314017 10969.194
6.315846 10971.544
6.317678 10973.896
6.31951 10976.252
6.321345 10978.611
6.32318 10980.973
6.325017 10983.338
6.326856 10985.706
6.328696 10988.077
6.330538 10990.451
6.332381 10992.829
6.334225 10995.209
6.336071 10997.593
6.337919 10999.98
6.339768 11002.37
6.341618 11004.763
6.34347 11007.159
6.345324 11009.558
6.347179 11011.96
6.349035 11014.366
6.350893 11016.774
6.352752 11019.186
6.354613 11021.601
6.356476 11024.019
6.35834 11026.44
6.360206 11028.864
6.362073 11031.292
6.363941 11033.722
6.365812 11036.156
6.367683 11038.593
6.369556 11041.033
6.371431 11043.476
6.373308 11045.922
6.375185 11048.372
6.377065 11050.824
6.378946 11053.28
6.380828 11055.739
6.382713 11058.201
6.384598 11060.667
6.386485 11063.135
6.388374 11065.607
6.390265 11068.082
6.392157 11070.56
6.39405 11073.041
6.395945 11075.525
6.397842 11078.013
6.39974 11080.503
6.40164 11082.997
6.403542 11085.495
6.405445 11087.995
6.40735 11090.498
6.409256 11093.005
6.411164 11095.515
6.413073 11098.028
6.414984 11100.545
6.416897 11103.064
6.418812 11105.587
6.420728 11108.113
6.422645 11110.642
6.424565 11113.175
6.426485 11115.71
6.428408 11118.249
6.430332 11120.791
6.432258 11123.337
6.434186 11125.885
6.436115 11128.437
6.438046 11130.992
6.439978 11133.551
6.441912 11136.112
6.443848 11138.677
6.445785 11141.245
6.447725 11143.817
6.449665 11146.391
6.451608 11148.969
6.453552 11151.55
6.455498 11154.135
6.457446 11156.722
6.459395 11159.313
6.461346 11161.907
6.463299 11164.505
6.465253 11167.106
6.467209 11169.71
6.469167 11172.317
6.471126 11174.928
6.473088 11177.542
6.475051 11180.159
6.477015 11182.779
6.478982 11185.403
6.48095 11188.03
6.48292 11190.661
6.484892 11193.294
6.486865 11195.931
6.48884 11198.572
6.490817 11201.215
6.492796 11203.862
6.494776 11206.513
6.496758 11209.166
6.498742 11211.823
6.500728 11214.484
6.502715 11217.147
6.504705 11219.814
6.506696 11222.484
6.508689 11225.158
6.510683 11227.835
6.51268 11230.515
6.514678 11233.199
6.516678 11235.886
6.51868 11238.576
6.520684 11241.27
6.522689 11243.967
6.524696 11246.668
6.526706 11249.372
6.528716 11252.079
6.530729 11254.789
6.532744 11257.503
6.53476 11260.221
6.536779 11262.941
6.538799 11265.665
6.540821 11268.393
6.542845 11271.124
6.54487 11273.858
6.546898 11276.596
6.548927 11279.337
6.550959 11282.081
6.552992 11284.829
6.555027 11287.581
6.557064 11290.335
6.559103 11293.093
6.561143 11295.855
6.563186 11298.62
6.56523 11301.388
6.567277 11304.16
6.569325 11306.935
6.571375 11309.714
6.573428 11312.496
6.575482 11315.282
6.577538 11318.071
6.579595 11320.863
6.581655 11323.659
6.583717 11326.459
6.585781 11329.261
6.587847 11332.068
6.589914 11334.877
6.591984 11337.691
6.594055 11340.507
6.596129 11343.327
6.598204 11346.151
6.600282 11348.978
6.602361 11351.809
6.604442 11354.643
6.606526 11357.48
6.608611 11360.321
6.610699 11363.166
6.612788 11366.014
6.614879 11368.866
6.616973 11371.721
6.619068 11374.579
6.621165 11377.441
6.623265 11380.307
6.625366 11383.176
6.62747 11386.048
6.629575 11388.925
6.631683 11391.804
6.633792 11394.687
6.635904 11397.574
6.638017 11400.464
6.640133 11403.358
6.642251 11406.256
6.644371 11409.157
6.646493 11412.061
6.648617 11414.969
6.650743 11417.881
6.652871 11420.796
6.655001 11423.714
6.657134 11426.637
6.659268 11429.562
6.661405 11432.492
6.663543 11435.425
6.665684 11438.361
6.667827 11441.301
6.669972 11444.245
6.672119 11447.192
6.674268 11450.143
6.67642 11453.098
6.678573 11456.056
6.680729 11459.018
6.682887 11461.983
6.685047 11464.952
6.687209 11467.924
6.689373 11470.901
6.69154 11473.88
6.693708 11476.864
6.695879 11479.851
6.698052 11482.841
6.700227 11485.836
6.702405 11488.834
6.704584 11491.835
6.706766 11494.84
6.70895 11497.849
6.711136 11500.862
6.713325 11503.878
6.715516 11506.898
6.717709 11509.921
6.719904 11512.948
6.722101 11515.979
6.724301 11519.014
6.726503 11522.052
6.728707 11525.094
6.730913 11528.139
6.733122 11531.188
6.735333 11534.241
6.737546 11537.298
6.739762 11540.358
6.741979 11543.422
6.7442 11546.49
6.746422 11549.561
6.748647 11552.636
6.750874 11555.715
6.753103 11558.798
6.755335 11561.884
6.757569 11564.974
6.759805 11568.068
6.762044 11571.165
6.764285 11574.267
6.766528 11577.371
6.768774 11580.48
6.771022 11583.593
6.773272 11586.709
6.775525 11589.829
6.77778 11592.952
6.780038 11596.08
6.782298 11599.211
6.78456 11602.346
6.786825 11605.485
6.789092 11608.627
6.791362 11611.774
6.793634 11614.924
6.795908 11618.078
6.798185 11621.235
6.800464 11624.397
6.802746 11627.562
6.80503 11630.731
6.807317 11633.904
6.809606 11637.081
6.811897 11640.261
6.814191 11643.446
6.816488 11646.634
6.818787 11649.826
6.821088 11653.022
6.823392 11656.221
6.825699 11659.425
6.828008 11662.632
6.830319 11665.843
6.832633 11669.058
6.834949 11672.277
6.837268 11675.5
6.83959 11678.726
6.841914 11681.956
6.844241 11685.191
6.84657 11688.429
6.848902 11691.671
6.851236 11694.917
6.853573 11698.167
6.855913 11701.42
6.858255 11704.678
6.860599 11707.939
6.862947 11711.204
6.865296 11714.474
6.867649 11717.747
6.870004 11721.024
6.872362 11724.305
6.874722 11727.589
6.877085 11730.878
6.879451 11734.171
6.881819 11737.467
6.88419 11740.768
6.886564 11744.072
6.88894 11747.381
6.891319 11750.693
6.893701 11754.009
6.896085 11757.33
6.898472 11760.654
6.900862 11763.982
6.903254 11767.314
6.905649 11770.65
6.908047 11773.99
6.910448 11777.334
6.912851 11780.682
6.915257 11784.034
6.917666 11787.39
6.920078 11790.749
6.922492 11794.113
6.924909 11797.481
6.927329 11800.853
6.929752 11804.229
6.932177 11807.609
6.934606 11810.993
6.937037 11814.38
6.939471 11817.772
6.941907 11821.168
6.944347 11824.568
6.946789 11827.972
6.949235 11831.38
6.951683 11834.792
6.954134 11838.208
6.956588 11841.628
6.959044 11845.052
6.961504 11848.48
6.963966 11851.913
6.966432 11855.349
6.9689 11858.789
6.971371 11862.234
6.973845 11865.682
6.976322 11869.134
6.978802 11872.591
6.981285 11876.052
6.983771 11879.516
6.98626 11882.985
6.988752 11886.458
6.991246 11889.935
6.993744 11893.416
6.996245 11896.902
6.998748 11900.391
7.001255 11903.884
7.003765 11907.382
7.006277 11910.883
7.008793 11914.389
7.011312 11917.899
7.013834 11921.413
7.016359 11924.931
7.018886 11928.453
7.021417 11931.98
7.023952 11935.51
7.026489 11939.045
7.029029 11942.584
7.031572 11946.127
7.034119 11949.674
7.036668 11953.225
7.039221 11956.781
7.041777 11960.34
7.044335 11963.904
7.046898 11967.472
7.049463 11971.044
7.052031 11974.621
7.054603 11978.201
7.057177 11981.786
7.059755 11985.375
7.062337 11988.968
7.064921 11992.565
7.067508 11996.167
7.070099 11999.772
7.072693 12003.382
7.07529 12006.996
7.077891 12010.615
7.080495 12014.237
7.083102 12017.864
7.085712 12021.495
7.088325 12025.13
7.090942 12028.77
7.093562 12032.413
7.096186 12036.061
7.098813 12039.713
7.101443 12043.37
7.104076 12047.03
7.106713 12050.695
7.109353 12054.365
7.111997 12058.038
7.114644 12061.716
7.117294 12065.398
7.119948 12069.084
7.122605 12072.775
7.125265 12076.469
7.127929 12080.169
7.130596 12083.872
7.133267 12087.58
7.135941 12091.292
7.138619 12095.008
7.1413 12098.729
7.143985 12102.453
7.146673 12106.183
7.149365 12109.916
7.15206 12113.654
7.154758 12117.396
7.157461 12121.143
7.160166 12124.893
7.162875 12128.648
7.165588 12132.408
7.168305 12136.172
7.171025 12139.94
7.173748 12143.712
7.176475 12147.489
7.179206 12151.27
7.18194 12155.056
7.184678 12158.846
7.18742 12162.64
7.190165 12166.438
7.192914 12170.241
7.195667 12174.049
7.198423 12177.86
7.201183 12181.676
7.203946 12185.497
7.206714 12189.322
7.209485 12193.151
7.21226 12196.984
7.215038 12200.822
7.21782 12204.665
7.220606 12208.512
7.223396 12212.363
7.22619 12216.218
7.228987 12220.078
7.231788 12223.943
7.234593 12227.811
7.237402 12231.685
7.240215 12235.562
7.243031 12239.444
7.245852 12243.331
7.248676 12247.222
7.251504 12251.117
7.254336 12255.017
7.257172 12258.921
7.260012 12262.83
7.262856 12266.743
7.265703 12270.66
7.268555 12274.582
7.271411 12278.509
7.27427 12282.439
7.277134 12286.375
7.280002 12290.314
7.282873 12294.259
7.285749 12298.207
7.288628 12302.161
7.291512 12306.118
7.2944 12310.08
7.297292 12314.047
7.300188 12318.018
7.303088 12321.993
7.305992 12325.973
7.3089 12329.958
7.311812 12333.947
7.314729 12337.94
7.317649 12341.938
7.320574 12345.941
7.323503 12349.948
7.326436 12353.959
7.329374 12357.975
7.332315 12361.996
7.335261 12366.021
7.338211 12370.05
7.341165 12374.084
7.344124 12378.123
7.347087 12382.166
7.350054 12386.213
7.353025 12390.265
7.356001 12394.322
7.358981 12398.383
7.361966 12402.449
7.364954 12406.519
7.367948 12410.593
7.370945 12414.673
7.373947 12418.756
7.376953 12422.845
7.379964 12426.938
7.382979 12431.035
7.385999 12435.137
7.389023 12439.243
7.392052 12443.354
7.395085 12447.47
7.398123 12451.59
7.401165 12455.715
7.404211 12459.844
7.407263 12463.978
7.410318 12468.116
7.413379 12472.259
7.416444 12476.406
7.419513 12480.558
7.422587 12484.715
7.425666 12488.876
7.42875 12493.042
7.431838 12497.212
7.434931 12501.387
7.438028 12505.566
7.44113 12509.75
7.444237 12513.939
7.447349 12518.132
7.450465 12522.33
7.453587 12526.532
7.456712 12530.739
7.459843 12534.95
7.462979 12539.166
7.466119 12543.387
7.469264 12547.612
7.472415 12551.842
7.475569 12556.076
7.478729 12560.315
7.481894 12564.559
7.485064 12568.807
7.488238 12573.06
7.491418 12577.317
7.494602 12581.579
7.497792 12585.845
7.500987 12590.116
7.504186 12594.392
7.507391 12598.672
7.5106 12602.957
7.513815 12607.247
7.517035 12611.541
7.52026 12615.839
7.523489 12620.143
7.526725 12624.45
7.529965 12628.763
7.53321 12633.08
7.536461 12637.401
7.539717 12641.728
7.542978 12646.058
7.546244 12650.394
7.549515 12654.734
7.552792 12659.078
7.556074 12663.427
7.559362 12667.781
7.562654 12672.14
7.565952 12676.503
7.569256 12680.87
7.572564 12685.242
7.575878 12689.619
7.579198 12694.0
7.582523 12698.386
7.585853 12702.777
7.589189 12707.172
7.59253 12711.572
7.595877 12715.976
7.59923 12720.385
7.602587 12724.798
7.605951 12729.216
7.60932 12733.639
7.612695 12738.066
7.616075 12742.498
7.619461 12746.934
7.622852 12751.375
7.626249 12755.821
7.629652 12760.271
7.633061 12764.725
7.636475 12769.185
7.639895 12773.649
7.643321 12778.117
7.646752 12782.59
7.65019 12787.068
7.653633 12791.55
7.657082 12796.036
7.660537 12800.528
7.663998 12805.023
7.667465 12809.524
7.670937 12814.029
7.674416 12818.538
7.6779 12823.052
7.681391 12827.571
7.684888 12832.094
7.68839 12836.621
7.691899 12841.154
7.695414 12845.69
7.698934 12850.231
7.702461 12854.777
7.705994 12859.328
7.709534 12863.882
7.713079 12868.442
7.716631 12873.006
7.720188 12877.574
7.723753 12882.147
7.727323 12886.724
7.730899 12891.306
7.734482 12895.893
7.738072 12900.484
7.741667 12905.079
7.745269 12909.679
7.748878 12914.283
7.752493 12918.892
7.756114 12923.506
7.759742 12928.124
7.763376 12932.746
7.767017 12937.373
7.770664 12942.004
7.774318 12946.64
7.777979 12951.28
7.781646 12955.924
7.78532 12960.573
7.789 12965.227
7.792687 12969.885
7.796381 12974.547
7.800081 12979.214
7.803789 12983.885
7.807503 12988.561
7.811224 12993.241
7.814952 12997.925
7.818686 13002.614
7.822428 13007.307
7.826176 13012.005
7.829932 13016.707
7.833694 13021.413
7.837463 13026.124
7.841239 13030.839
7.845023 13035.558
7.848813 13040.282
7.852611 13045.01
7.856415 13049.742
7.860227 13054.479
7.864046 13059.22
7.867872 13063.965
7.871706 13068.715
7.875547 13073.469
7.879394 13078.227
7.88325 13082.99
7.887112 13087.756
7.890982 13092.528
7.89486 13097.303
7.898745 13102.082
7.902637 13106.866
7.906536 13111.654
7.910444 13116.447
7.914359 13121.243
7.918281 13126.044
7.922211 13130.849
7.926148 13135.658
7.930094 13140.471
7.934047 13145.288
7.938007 13150.11
7.941976 13154.936
7.945952 13159.766
7.949936 13164.6
7.953927 13169.438
7.957927 13174.28
7.961935 13179.126
7.96595 13183.977
7.969974 13188.831
7.974005 13193.69
7.978044 13198.553
7.982092 13203.419
7.986148 13208.29
7.990211 13213.165
7.994283 13218.044
7.998363 13222.926
8.002452 13227.813
8.006548 13232.704
8.010653 13237.599
8.014766 13242.497
8.018888 13247.4
8.023017 13252.306
8.027156 13257.217
8.031302 13262.131
8.035458 13267.05
8.039621 13271.972
8.043794 13276.898
8.047975 13281.828
8.052164 13286.761
8.056362 13291.699
8.060569 13296.64
8.064785 13301.585
8.069009 13306.534
8.073242 13311.487
8.077484 13316.444
8.081735 13321.404
8.085995 13326.368
8.090264 13331.335
8.094541 13336.307
8.098828 13341.282
8.103124 13346.26
8.107429 13351.243
8.111743 13356.229
8.116066 13361.218
8.120398 13366.211
8.12474 13371.208
8.129091 13376.208
8.133451 13381.212
8.137821 13386.22
8.1422 13391.231
8.146589 13396.245
8.150987 13401.263
8.155394 13406.284
8.159812 13411.309
8.164238 13416.337
8.168675 13421.369
8.173121 13426.404
8.177577 13431.442
8.182042 13436.484
8.186518 13441.529
8.191003 13446.577
8.195498 13451.629
8.200003 13456.684
8.204519 13461.742
8.209044 13466.804
8.213579 13471.868
8.218124 13476.936
8.22268 13482.007
8.227246 13487.081
8.231822 13492.158
8.236408 13497.239
8.241005 13502.322
8.245612 13507.408
8.250229 13512.498
8.254857 13517.59
8.259496 13522.686
8.264145 13527.784
8.268805 13532.886
8.273475 13537.99
8.278157 13543.097
8.282848 13548.208
8.287551 13553.32
8.292265 13558.436
8.296989 13563.555
8.301725 13568.676
8.306471 13573.8
8.311229 13578.927
8.315998 13584.056
8.320778 13589.189
8.325569 13594.323
8.330371 13599.461
8.335185 13604.601
8.34001 13609.743
8.344847 13614.889
8.349695 13620.036
8.354554 13625.186
8.359425 13630.339
8.364308 13635.494
8.369202 13640.651
8.374109 13645.811
8.379027 13650.973
8.383957 13656.137
8.388898 13661.304
8.393852 13666.473
8.398818 13671.644
8.403796 13676.817
8.408786 13681.993
8.413788 13687.17
8.418803 13692.35
8.42383 13697.532
8.428869 13702.715
8.433921 13707.901
8.438985 13713.089
8.444061 13718.278
8.449151 13723.47
8.454253 13728.663
8.459368 13733.858
8.464495 13739.055
8.469635 13744.254
8.474789 13749.455
8.479955 13754.657
8.485135 13759.861
8.490327 13765.066
8.495533 13770.273
8.500752 13775.482
8.505984 13780.692
8.51123 13785.903
8.516489 13791.116
8.521761 13796.331
8.527048 13801.547
8.532347 13806.764
8.537661 13811.982
8.542988 13817.202
8.54833 13822.423
8.553685 13827.645
8.559054 13832.868
8.564437 13838.092
8.569834 13843.317
8.575246 13848.543
8.580672 13853.771
8.586112 13858.999
8.591566 13864.228
8.597036 13869.458
8.602519 13874.688
8.608018 13879.92
8.613531 13885.152
8.619058 13890.385
8.624601 13895.618
8.630159 13900.852
8.635732 13906.087
8.64132 13911.322
8.646923 13916.557
8.652541 13921.793
8.658175 13927.029
8.663824 13932.266
8.669488 13937.503
8.675169 13942.74
8.680865 13947.977
8.686576 13953.214
8.692304 13958.452
8.698047 13963.689
8.703807 13968.926
8.709582 13974.164
8.715374 13979.401
8.721182 13984.638
8.727007 13989.875
8.732847 13995.111
8.738705 14000.348
8.744579 14005.583
8.75047 14010.819
8.756377 14016.054
8.762302 14021.288
8.768244 14026.522
8.774202 14031.755
8.780178 14036.988
8.786171 14042.219
8.792182 14047.45
8.79821 14052.68
8.804255 14057.91
8.810318 14063.138
8.8164 14068.365
8.822498 14073.591
8.828615 14078.816
8.83475 14084.04
8.840903 14089.263
8.847075 14094.484
8.853265 14099.704
8.859473 14104.923
8.8657 14110.14
8.871946 14115.355
8.87821 14120.569
8.884494 14125.781
8.890796 14130.992
8.897118 14136.201
8.903458 14141.408
8.909819 14146.613
8.916198 14151.816
8.922597 14157.017
8.929016 14162.216
8.935455 14167.413
8.941914 14172.608
8.948393 14177.8
8.954892 14182.99
8.961411 14188.178
8.967951 14193.363
8.974511 14198.546
8.981092 14203.726
8.987694 14208.904
8.994317 14214.078
9.00096 14219.25
9.007625 14224.419
9.014312 14229.586
9.021019 14234.749
9.027748 14239.909
9.034499 14245.066
9.041272 14250.22
9.048067 14255.371
9.054884 14260.518
9.061723 14265.662
9.068584 14270.802
9.075468 14275.939
9.082375 14281.072
9.089304 14286.202
9.096256 14291.328
9.103232 14296.45
9.11023 14301.568
9.117252 14306.682
9.124298 14311.792
9.131367 14316.898
9.13846 14322.0
9.145577 14327.097
9.152719 14332.191
9.159884 14337.28
9.167074 14342.364
9.174289 14347.444
9.181528 14352.519
9.188792 14357.589
9.196082 14362.655
9.203397 14367.716
9.210737 14372.772
9.218102 14377.822
9.225494 14382.868
9.232911 14387.909
9.240355 14392.944
9.247824 14397.974
9.255321 14402.999
9.262843 14408.018
9.270393 14413.032
9.27797 14418.04
9.285574 14423.042
9.293205 14428.038
9.300864 14433.029
9.30855 14438.014
9.316265 14442.992
9.324008 14447.965
9.331778 14452.931
9.339578 14457.891
9.347406 14462.845
9.355263 14467.792
9.363149 14472.732
9.371065 14477.666
9.37901 14482.594
9.386985 14487.514
9.39499 14492.428
9.403024 14497.335
9.41109 14502.235
9.419186 14507.127
9.427312 14512.013
9.43547 14516.891
9.443659 14521.762
9.45188 14526.625
9.460132 14531.481
9.468416 14536.329
9.476732 14541.17
9.485081 14546.003
9.493462 14550.827
9.501877 14555.644
9.510324 14560.453
9.518805 14565.254
9.527319 14570.047
9.535868 14574.831
9.54445 14579.607
9.553067 14584.374
9.561719 14589.133
9.570405 14593.883
9.579127 14598.625
9.587884 14603.357
9.596677 14608.081
9.605506 14612.796
9.614371 14617.502
9.623273 14622.198
9.632211 14626.885
9.641187 14631.563
9.6502 14636.232
9.659251 14640.891
9.66834 14645.54
9.677467 14650.18
9.686633 14654.81
9.695837 14659.43
9.705081 14664.04
9.714365 14668.64
9.723688 14673.23
9.733052 14677.81
9.742456 14682.379
9.751901 14686.938
9.761387 14691.487
9.770915 14696.025
9.780484 14700.552
9.790096 14705.068
9.799751 14709.574
9.809448 14714.069
9.819188 14718.553
9.828972 14723.026
9.838801 14727.487
9.848673 14731.938
9.858591 14736.377
9.868553 14740.804
9.878561 14745.22
9.888615 14749.625
9.898715 14754.018
9.908862 14758.399
9.919056 14762.768
9.929297 14767.125
9.939587 14771.47
9.949924 14775.803
9.960311 14780.124
9.970747 14784.433
9.981232 14788.729
9.991768 14793.013
10.002354 14797.284
10.012991 14801.543
10.023679 14805.789
10.03442 14810.022
10.045213 14814.242
10.056058 14818.45
10.066958 14822.644
10.07791 14826.825
10.088918 14830.993
10.09998 14835.148
10.111097 14839.29
10.122271 14843.418
10.1335 14847.532
10.144787 14851.633
10.156131 14855.72
10.167534 14859.794
10.178994 14863.854
10.190514 14867.9
10.202094 14871.932
10.213734 14875.949
10.225435 14879.953
10.237197 14883.943
10.249022 14887.918
10.260909 14891.879
10.272859 14895.826
10.284873 14899.758
10.296952 14903.675
10.309096 14907.578
10.321306 14911.466
10.333583 14915.34
10.345927 14919.198
10.358338 14923.042
10.370819 14926.871
10.383368 14930.685
10.395988 14934.483
10.408679 14938.267
10.42144 14942.035
10.434275 14945.788
10.447182 14949.525
10.460163 14953.247
10.473219 14956.954
10.486349 14960.645
10.499557 14964.321
10.512841 14967.981
10.526203 14971.625
10.539644 14975.253
10.553164 14978.865
10.566765 14982.462
10.580447 14986.043
10.594211 14989.607
10.608058 14993.156
10.62199 14996.688
10.636006 15000.205
10.650109 15003.705
10.664298 15007.189
10.678576 15010.656
10.692942 15014.107
10.707399 15017.542
10.721946 15020.96
10.736586 15024.362
10.751319 15027.747
10.766146 15031.116
10.781069 15034.468
10.796089 15037.803
10.811206 15041.122
10.826422 15044.424
10.841738 15047.709
10.857155 15050.978
10.872676 15054.229
10.8883 15057.464
10.904029 15060.682
10.919864 15063.882
10.935808 15067.066
10.95186 15070.233
10.968024 15073.383
10.984299 15076.515
11.000687 15079.631
11.017191 15082.73
11.033811 15085.811
11.050549 15088.875
11.067406 15091.922
11.084384 15094.952
11.101485 15097.965
11.11871 15100.96
11.136061 15103.938
11.15354 15106.899
11.171148 15109.843
11.188887 15112.769
11.20676 15115.679
11.224767 15118.57
11.242911 15121.445
11.261193 15124.302
11.279616 15127.142
11.298182 15129.965
11.316892 15132.77
11.33575 15135.558
11.354755 15138.329
11.373912 15141.082
11.393223 15143.818
11.412688 15146.537
11.432312 15149.238
11.452096 15151.923
11.472042 15154.59
11.492154 15157.239
11.512433 15159.872
11.532882 15162.487
11.553504 15165.085
11.574302 15167.666
11.595278 15170.23
11.616435 15172.777
11.637777 15175.306
11.659305 15177.818
11.681023 15180.314
11.702934 15182.792
11.725042 15185.253
11.747349 15187.698
11.769859 15190.125
11.792575 15192.536
11.815501 15194.929
11.838641 15197.306
11.861997 15199.666
11.885574 15202.01
11.909376 15204.336
11.933406 15206.646
11.957669 15208.94
11.982168 15211.216
12.006909 15213.477
12.031895 15215.721
12.057131 15217.948
12.082621 15220.159
12.108371 15222.354
12.134385 15224.533
12.160668 15226.695
12.187225 15228.842
12.214061 15230.972
12.241183 15233.087
12.268595 15235.185
12.296303 15237.268
12.324314 15239.335
12.352633 15241.387
12.381266 15243.422
12.41022 15245.443
12.439501 15247.447
12.469118 15249.437
12.499075 15251.411
12.529381 15253.37
12.560043 15255.314
12.59107 15257.243
12.622468 15259.157
12.654246 15261.057
12.686412 15262.941
12.718976 15264.811
12.751946 15266.667
12.785332 15268.508
12.819143 15270.334
12.853389 15272.147
12.888081 15273.945
12.92323 15275.729
12.958845 15277.5
12.99494 15279.257
13.031525 15281.0
13.068613 15282.729
13.106217 15284.445
13.144349 15286.148
13.183025 15287.838
13.222257 15289.515
13.26206 15291.178
13.302451 15292.829
13.343444 15294.467
13.385057 15296.093
13.427307 15297.706
13.470211 15299.307
13.513788 15300.896
13.558059 15302.472
13.603042 15304.037
13.64876 15305.59
13.695234 15307.131
13.742487 15308.661
13.790544 15310.18
13.839429 15311.687
13.889169 15313.184
13.939792 15314.669
13.991326 15316.143
14.043802 15317.607
14.097251 15319.061
14.151707 15320.504
14.207204 15321.936
14.26378 15323.359
14.321473 15324.771
14.380323 15326.174
14.440374 15327.567
14.50167 15328.95
14.56426 15330.324
14.628193 15331.688
14.693523 15333.043
14.760306 15334.389
14.828603 15335.726
14.898476 15337.053
14.969992 15338.372
15.043223 15339.682
15.118245 15340.983
15.195138 15342.275
15.27399 15343.558
15.354892 15344.833
15.437944 15346.099
15.52325 15347.356
15.610924 15348.604
15.701088 15349.843
15.793872 15351.074
15.889419 15352.295
15.98788 15353.507
16.08942 15354.709
16.194219 15355.902
16.30247 15357.085
16.414385 15358.257
16.530194 15359.419
16.650149 15360.57
16.774527 15361.709
16.903632 15362.836
17.037798 15363.95
17.177397 15365.051
17.322838 15366.138
17.474579 15367.209
17.633132 15368.265
17.799069 15369.303
17.973036 15370.323
18.155763 15371.323
18.34808 15372.302
18.550936 15373.258
18.765422 15374.189
18.992801 15375.094
19.234541 15375.97
19.492368 15376.816
19.768322 15377.627
20.064843 15378.403
20.384871 15379.14
20.731996 15379.835
21.110662 15380.485
21.526442 15381.086
21.986461 15381.637
