2.502647 38757.565
2.505286 38451.148
2.507918 38149.58
2.510544 37852.761
2.513162 37560.596
2.515774 37272.99
2.518379 36989.853
2.520977 36711.094
2.523569 36436.626
2.526153 36166.364
2.528732 35900.225
2.531303 35638.127
2.533868 35379.991
2.536427 35125.739
2.538979 34875.296
2.541525 34628.587
2.544064 34385.541
2.546597 34146.086
2.549124 33910.153
2.551644 33677.676
2.554159 33448.587
2.556667 33222.823
2.559169 33000.321
2.561665 32781.018
2.564155 32564.855
2.566639 32351.773
2.569117 32141.715
2.571589 31934.623
2.574055 31730.443
2.576516 31529.121
2.57897 31330.605
2.581419 31134.843
2.583862 30941.784
2.5863 30751.38
2.588732 30563.582
2.591158 30378.342
2.593579 30195.616
2.595994 30015.357
2.598403 29837.521
2.600807 29662.065
2.603206 29488.948
2.605599 29318.126
2.607987 29149.561
2.61037 28983.211
2.612747 28819.039
2.615119 28657.006
2.617485 28497.074
2.619847 28339.208
2.622203 28183.372
2.624554 28029.53
2.6269 27877.649
2.629241 27727.694
2.631577 27579.633
2.633908 27433.434
2.636234 27289.065
2.638555 27146.495
2.640871 27005.693
2.643182 26866.631
2.645488 26729.279
2.647789 26593.609
2.650086 26459.592
2.652377 26327.201
2.654664 26196.41
2.656947 26067.191
2.659224 25939.52
2.661497 25813.371
2.663765 25688.72
2.666029 25565.541
2.668287 25443.811
2.670542 25323.507
2.672791 25204.606
2.675037 25087.085
2.677277 24970.922
2.679514 24856.096
2.681745 24742.585
2.683973 24630.37
2.686196 24519.428
2.688414 24409.741
2.690629 24301.289
2.692839 24194.052
2.695044 24088.011
2.697245 23983.149
2.699442 23879.446
2.701635 23776.885
2.703824 23675.449
2.706008 23575.119
2.708189 23475.881
2.710365 23377.716
2.712537 23280.608
2.714705 23184.542
2.716868 23089.502
2.719028 22995.473
2.721184 22902.439
2.723335 22810.385
2.725483 22719.298
2.727627 22629.162
2.729767 22539.964
2.731903 22451.69
2.734034 22364.327
2.736163 22277.86
2.738287 22192.278
2.740407 22107.567
2.742524 22023.714
2.744636 21940.708
2.746745 21858.535
2.74885 21777.185
2.750952 21696.645
2.753049 21616.905
2.755143 21537.951
2.757234 21459.775
2.75932 21382.363
2.761403 21305.707
2.763482 21229.794
2.765558 21154.616
2.76763 21080.161
2.769699 21006.419
2.771763 20933.381
2.773825 20861.038
2.775883 20789.379
2.777937 20718.395
2.779988 20648.077
2.782035 20578.416
2.784079 20509.403
2.78612 20441.029
2.788157 20373.286
2.79019 20306.165
2.79222 20239.658
2.794247 20173.756
2.796271 20108.453
2.798291 20043.739
2.800308 19979.607
2.802321 19916.05
2.804331 19853.059
2.806338 19790.628
2.808342 19728.749
2.810343 19667.414
2.81234 19606.618
2.814334 19546.353
2.816324 19486.612
2.818312 19427.389
2.820296 19368.676
2.822278 19310.468
2.824256 19252.758
2.826231 19195.539
2.828203 19138.806
2.830171 19082.552
2.832137 19026.772
2.8341 18971.459
2.836059 18916.609
2.838016 18862.214
2.839969 18808.269
2.84192 18754.769
2.843867 18701.709
2.845812 18649.083
2.847753 18596.885
2.849692 18545.111
2.851628 18493.755
2.85356 18442.813
2.85549 18392.279
2.857417 18342.149
2.859341 18292.417
2.861262 18243.079
2.86318 18194.131
2.865096 18145.567
2.867008 18097.383
2.868918 18049.575
2.870825 18002.139
2.872729 17955.069
2.87463 17908.362
2.876529 17862.014
2.878424 17816.02
2.880317 17770.376
2.882208 17725.078
2.884095 17680.123
2.88598 17635.507
2.887862 17591.225
2.889742 17547.273
2.891618 17503.649
2.893492 17460.349
2.895364 17417.368
2.897233 17374.703
2.899099 17332.351
2.900962 17290.308
2.902823 17248.571
2.904681 17207.137
2.906537 17166.002
2.90839 17125.162
2.910241 17084.616
2.912089 17044.358
2.913934 17004.388
2.915777 16964.7
2.917617 16925.293
2.919455 16886.163
2.921291 16847.307
2.923124 16808.722
2.924954 16770.406
2.926782 16732.356
2.928607 16694.569
2.93043 16657.041
2.932251 16619.771
2.934069 16582.756
2.935885 16545.992
2.937698 16509.479
2.939509 16473.212
2.941318 16437.189
2.943124 16401.408
2.944927 16365.867
2.946729 16330.562
2.948528 16295.492
2.950325 16260.654
2.952119 16226.046
2.953911 16191.665
2.955701 16157.51
2.957488 16123.578
2.959273 16089.866
2.961056 16056.373
2.962837 16023.096
2.964615 15990.034
2.966391 15957.184
2.968165 15924.544
2.969936 15892.112
2.971706 15859.886
2.973473 15827.864
2.975238 15796.045
2.977 15764.425
2.978761 15733.004
2.980519 15701.779
2.982275 15670.749
2.984029 15639.911
2.985781 15609.264
2.987531 15578.806
2.989278 15548.535
2.991023 15518.45
2.992767 15488.549
2.994508 15458.829
2.996247 15429.29
2.997984 15399.93
2.999718 15370.747
3.001451 15341.739
3.003182 15312.905
3.00491 15284.244
3.006637 15255.753
3.008361 15227.431
3.010084 15199.277
3.011804 15171.289
3.013522 15143.466
3.015239 15115.805
3.016953 15088.307
3.018665 15060.969
3.020375 15033.79
3.022084 15006.768
3.02379 14979.902
3.025494 14953.191
3.027197 14926.634
3.028897 14900.228
3.030596 14873.973
3.032292 14847.868
3.033987 14821.911
3.035679 14796.1
3.03737 14770.435
3.039059 14744.915
3.040745 14719.538
3.04243 14694.302
3.044114 14669.208
3.045795 14644.253
3.047474 14619.436
3.049151 14594.756
3.050827 14570.213
3.052501 14545.805
3.054172 14521.53
3.055842 14497.388
3.05751 14473.378
3.059177 14449.498
3.060841 14425.748
3.062504 14402.126
3.064165 14378.632
3.065824 14355.263
3.067481 14332.021
3.069136 14308.902
3.07079 14285.907
3.072442 14263.034
3.074092 14240.283
3.07574 14217.652
3.077387 14195.14
3.079032 14172.747
3.080675 14150.472
3.082316 14128.313
3.083955 14106.27
3.085593 14084.341
3.087229 14062.527
3.088864 14040.826
3.090496 14019.236
3.092127 13997.758
3.093757 13976.391
3.095384 13955.133
3.09701 13933.984
3.098634 13912.943
3.100257 13892.009
3.101878 13871.181
3.103497 13850.459
3.105114 13829.841
3.10673 13809.328
3.108344 13788.917
3.109957 13768.609
3.111568 13748.403
3.113177 13728.297
3.114785 13708.291
3.116391 13688.385
3.117995 13668.578
3.119598 13648.868
3.121199 13629.256
3.122799 13609.74
3.124397 13590.319
3.125994 13570.994
3.127589 13551.764
3.129182 13532.627
3.130774 13513.583
3.132364 13494.631
3.133952 13475.772
3.135539 13457.003
3.137125 13438.324
3.138709 13419.736
3.140291 13401.237
3.141872 13382.826
3.143452 13364.503
3.14503 13346.267
3.146606 13328.118
3.148181 13310.055
3.149754 13292.077
3.151326 13274.184
3.152896 13256.376
3.154465 13238.651
3.156033 13221.01
3.157598 13203.451
3.159163 13185.974
3.160726 13168.578
3.162287 13151.263
3.163847 13134.029
3.165406 13116.874
3.166963 13099.798
3.168518 13082.802
3.170073 13065.883
3.171625 13049.042
3.173177 13032.278
3.174727 13015.591
3.176275 12998.98
3.177822 12982.445
3.179368 12965.984
3.180912 12949.598
3.182455 12933.287
3.183997 12917.049
3.185537 12900.884
3.187075 12884.791
3.188613 12868.771
3.190148 12852.823
3.191683 12836.946
3.193216 12821.14
3.194748 12805.404
3.196278 12789.738
3.197807 12774.141
3.199335 12758.613
3.200861 12743.154
3.202386 12727.763
3.20391 12712.44
3.205432 12697.184
3.206953 12681.995
3.208473 12666.872
3.209992 12651.815
3.211509 12636.824
3.213024 12621.898
3.214539 12607.036
3.216052 12592.239
3.217564 12577.506
3.219074 12562.837
3.220583 12548.23
3.222091 12533.687
3.223598 12519.205
3.225103 12504.786
3.226607 12490.429
3.22811 12476.132
3.229612 12461.897
3.231112 12447.722
3.232611 12433.607
3.234109 12419.552
3.235605 12405.556
3.2371 12391.619
3.238594 12377.741
3.240087 12363.921
3.241579 12350.16
3.243069 12336.456
3.244558 12322.809
3.246046 12309.219
3.247532 12295.686
3.249018 12282.209
3.250502 12268.788
3.251985 12255.422
3.253467 12242.112
3.254947 12228.857
3.256427 12215.657
3.257905 12202.51
3.259382 12189.418
3.260858 12176.38
3.262332 12163.394
3.263806 12150.462
3.265278 12137.583
3.266749 12124.756
3.268219 12111.981
3.269688 12099.258
3.271155 12086.587
3.272622 12073.967
3.274087 12061.398
3.275551 12048.879
3.277014 12036.411
3.278476 12023.993
3.279936 12011.625
3.281396 11999.306
3.282854 11987.037
3.284312 11974.816
3.285768 11962.645
3.287223 11950.521
3.288677 11938.446
3.29013 11926.419
3.291581 11914.439
3.293032 11902.507
3.294481 11890.622
3.29593 11878.784
3.297377 11866.992
3.298823 11855.246
3.300268 11843.547
3.301712 11831.893
3.303155 11820.285
3.304597 11808.723
3.306037 11797.205
3.307477 11785.732
3.308916 11774.304
3.310353 11762.92
3.31179 11751.58
3.313225 11740.284
3.314659 11729.032
3.316092 11717.823
3.317525 11706.657
3.318956 11695.534
3.320386 11684.454
3.321815 11673.417
3.323243 11662.421
3.32467 11651.468
3.326096 11640.556
3.327521 11629.686
3.328945 11618.857
3.330368 11608.07
3.331789 11597.323
3.33321 11586.617
3.33463 11575.951
3.336049 11565.326
3.337467 11554.741
3.338883 11544.196
3.340299 11533.69
3.341714 11523.224
3.343128 11512.797
3.34454 11502.409
3.345952 11492.06
3.347363 11481.75
3.348773 11471.478
3.350181 11461.244
3.351589 11451.048
3.352996 11440.89
3.354402 11430.77
3.355807 11420.688
3.357211 11410.642
3.358614 11400.634
3.360016 11390.663
3.361417 11380.728
3.362817 11370.83
3.364216 11360.968
3.365614 11351.143
3.367011 11341.353
3.368408 11331.599
3.369803 11321.881
3.371197 11312.198
3.372591 11302.551
3.373983 11292.939
3.375375 11283.361
3.376765 11273.819
3.378155 11264.311
3.379544 11254.837
3.380932 11245.398
3.382319 11235.993
3.383705 11226.621
3.38509 11217.284
3.386474 11207.98
3.387857 11198.709
3.38924 11189.472
3.390621 11180.268
3.392002 11171.097
3.393381 11161.958
3.39476 11152.853
3.396138 11143.779
3.397515 11134.738
3.398891 11125.73
3.400266 11116.753
3.401641 11107.808
3.403014 11098.895
3.404387 11090.013
3.405758 11081.163
3.407129 11072.344
3.408499 11063.556
3.409868 11054.799
3.411236 11046.073
3.412604 11037.378
3.41397 11028.713
3.415336 11020.078
3.416701 11011.474
3.418064 11002.9
3.419427 10994.356
3.42079 10985.842
3.422151 10977.357
3.423512 10968.902
3.424871 10960.477
3.42623 10952.081
3.427588 10943.714
3.428945 10935.376
3.430302 10927.066
3.431657 10918.786
3.433012 10910.534
3.434366 10902.311
3.435719 10894.116
3.437071 10885.95
3.438422 10877.811
3.439773 10869.701
3.441123 10861.618
3.442471 10853.563
3.44382 10845.536
3.445167 10837.536
3.446513 10829.564
3.447859 10821.619
3.449204 10813.701
3.450548 10805.81
3.451892 10797.946
3.453234 10790.109
3.454576 10782.298
3.455917 10774.514
3.457257 10766.756
3.458596 10759.025
3.459935 10751.32
3.461273 10743.641
3.46261 10735.988
3.463946 10728.361
3.465282 10720.759
3.466616 10713.184
3.46795 10705.633
3.469283 10698.109
3.470616 10690.609
3.471947 10683.135
3.473278 10675.686
3.474608 10668.261
3.475938 10660.862
3.477266 10653.488
3.478594 10646.138
3.479921 10638.813
3.481248 10631.512
3.482573 10624.235
3.483898 10616.983
3.485222 10609.755
3.486546 10602.551
3.487868 10595.371
3.48919 10588.215
3.490512 10581.083
3.491832 10573.974
3.493152 10566.889
3.494471 10559.828
3.495789 10552.789
3.497107 10545.774
3.498423 10538.783
3.49974 10531.814
3.501055 10524.868
3.50237 10517.945
3.503684 10511.045
3.504997 10504.168
3.506309 10497.314
3.507621 10490.482
3.508932 10483.672
3.510243 10476.885
3.511552 10470.12
3.512861 10463.377
3.51417 10456.656
3.515477 10449.957
3.516784 10443.281
3.51809 10436.626
3.519396 10429.992
3.520701 10423.381
3.522005 10416.791
3.523309 10410.222
3.524611 10403.675
3.525913 10397.149
3.527215 10390.645
3.528516 10384.161
3.529816 10377.699
3.531115 10371.258
3.532414 10364.837
3.533712 10358.438
3.535009 10352.059
3.536306 10345.701
3.537602 10339.363
3.538898 10333.046
3.540192 10326.75
3.541486 10320.473
3.54278 10314.217
3.544073 10307.981
3.545365 10301.766
3.546656 10295.57
3.547947 10289.395
3.549237 10283.239
3.550527 10277.103
3.551815 10270.987
3.553104 10264.89
3.554391 10258.813
3.555678 10252.756
3.556965 10246.718
3.55825 10240.7
3.559535 10234.7
3.56082 10228.72
3.562103 10222.76
3.563387 10216.818
3.564669 10210.895
3.565951 10204.992
3.567232 10199.107
3.568513 10193.241
3.569793 10187.394
3.571072 10181.565
3.572351 10175.756
3.573629 10169.964
3.574907 10164.191
3.576184 10158.437
3.57746 10152.701
3.578736 10146.983
3.580011 10141.284
3.581285 10135.602
3.582559 10129.939
3.583833 10124.294
3.585105 10118.667
3.586377 10113.057
3.587649 10107.466
3.58892 10101.892
3.59019 10096.336
3.59146 10090.798
3.592729 10085.277
3.593997 10079.774
3.595265 10074.288
3.596533 10068.82
3.5978 10063.369
3.599066 10057.935
3.600331 10052.519
3.601596 10047.12
3.602861 10041.738
3.604125 10036.373
3.605388 10031.025
3.606651 10025.693
3.607913 10020.379
3.609174 10015.082
3.610435 10009.801
3.611696 10004.537
3.612956 9999.29
3.614215 9994.059
3.615474 9988.845
3.616732 9983.648
3.61799 9978.467
3.619247 9973.302
3.620503 9968.153
3.621759 9963.021
3.623015 9957.905
3.624269 9952.805
3.625524 9947.722
3.626778 9942.654
3.628031 9937.603
3.629283 9932.567
3.630535 9927.547
3.631787 9922.543
3.633038 9917.555
3.634289 9912.583
3.635538 9907.626
3.636788 9902.685
3.638037 9897.76
3.639285 9892.85
3.640533 9887.956
3.64178 9883.077
3.643027 9878.213
3.644273 9873.365
3.645519 9868.532
3.646764 9863.715
3.648009 9858.912
3.649253 9854.125
3.650496 9849.353
3.651739 9844.596
3.652982 9839.854
3.654224 9835.127
3.655465 9830.415
3.656706 9825.718
3.657947 9821.035
3.659187 9816.368
3.660426 9811.715
3.661665 9807.077
3.662904 9802.453
3.664142 9797.844
3.665379 9793.25
3.666616 9788.67
3.667852 9784.104
3.669088 9779.553
3.670324 9775.017
3.671559 9770.494
3.672793 9765.986
3.674027 9761.493
3.67526 9757.013
3.676493 9752.548
3.677726 9748.097
3.678958 9743.66
3.680189 9739.236
3.68142 9734.827
3.682651 9730.432
3.683881 9726.051
3.68511 9721.684
3.686339 9717.33
3.687568 9712.99
3.688796 9708.664
3.690023 9704.352
3.69125 9700.053
3.692477 9695.768
3.693703 9691.497
3.694929 9687.239
3.696154 9682.995
3.697379 9678.764
3.698603 9674.547
3.699827 9670.343
3.70105 9666.152
3.702273 9661.975
3.703496 9657.811
3.704718 9653.66
3.705939 9649.522
3.70716 9645.398
3.708381 9641.286
3.709601 9637.188
3.71082 9633.103
3.71204 9629.031
3.713258 9624.971
3.714477 9620.925
3.715694 9616.892
3.716912 9612.871
3.718129 9608.864
3.719345 9604.869
3.720561 9600.887
3.721777 9596.918
3.722992 9592.961
3.724207 9589.017
3.725421 9585.086
3.726635 9581.167
3.727848 9577.261
3.729061 9573.367
3.730274 9569.486
3.731486 9565.617
3.732697 9561.761
3.733909 9557.917
3.735119 9554.085
3.73633 9550.266
3.737539 9546.459
3.738749 9542.664
3.739958 9538.881
3.741167 9535.111
3.742375 9531.353
3.743583 9527.607
3.74479 9523.873
3.745997 9520.151
3.747203 9516.441
3.748409 9512.743
3.749615 9509.057
3.75082 9505.383
3.752025 9501.721
3.75323 9498.07
3.754434 9494.432
3.755637 9490.805
3.75684 9487.19
3.758043 9483.587
3.759245 9479.996
3.760447 9476.416
3.761649 9472.848
3.76285 9469.291
3.764051 9465.747
3.765251 9462.213
3.766451 9458.691
3.767651 9455.181
3.76885 9451.682
3.770048 9448.195
3.771247 9444.719
3.772445 9441.254
3.773642 9437.801
3.774839 9434.359
3.776036 9430.928
3.777232 9427.509
3.778428 9424.101
3.779624 9420.704
3.780819 9417.318
3.782014 9413.944
3.783208 9410.58
3.784402 9407.228
3.785596 9403.886
3.786789 9400.556
3.787982 9397.237
3.789174 9393.929
3.790366 9390.631
3.791558 9387.345
3.792749 9384.069
3.79394 9380.805
3.795131 9377.551
3.796321 9374.308
3.797511 9371.076
3.7987 9367.855
3.79989 9364.644
3.801078 9361.444
3.802267 9358.255
3.803455 9355.077
3.804642 9351.909
3.805829 9348.751
3.807016 9345.605
3.808203 9342.469
3.809389 9339.343
3.810575 9336.228
3.81176 9333.123
3.812945 9330.029
3.81413 9326.946
3.815314 9323.872
3.816498 9320.81
3.817682 9317.757
3.818865 9314.715
3.820048 9311.683
3.82123 9308.662
3.822413 9305.65
3.823594 9302.649
3.824776 9299.658
3.825957 9296.678
3.827138 9293.707
3.828318 9290.747
3.829498 9287.797
3.830678 9284.857
3.831858 9281.927
3.833037 9279.007
3.834215 9276.097
3.835394 9273.197
3.836572 9270.307
3.83775 9267.427
3.838927 9264.557
3.840104 9261.697
3.841281 9258.847
3.842457 9256.006
3.843633 9253.176
3.844809 9250.355
3.845984 9247.544
3.847159 9244.743
3.848334 9241.952
3.849508 9239.17
3.850682 9236.398
3.851856 9233.636
3.853029 9230.884
3.854202 9228.141
3.855375 9225.407
3.856547 9222.684
3.857719 9219.97
3.858891 9217.265
3.860062 9214.57
3.861234 9211.885
3.862404 9209.209
3.863575 9206.542
3.864745 9203.885
3.865915 9201.238
3.867084 9198.6
3.868253 9195.971
3.869422 9193.351
3.870591 9190.741
3.871759 9188.141
3.872927 9185.549
3.874095 9182.967
3.875262 9180.394
3.876429 9177.831
3.877596 9175.276
3.878762 9172.731
3.879928 9170.195
3.881094 9167.668
3.882259 9165.151
3.883425 9162.642
3.884589 9160.143
3.885754 9157.653
3.886918 9155.171
3.888082 9152.699
3.889246 9150.236
3.890409 9147.782
3.891572 9145.337
3.892735 9142.901
3.893898 9140.473
3.89506 9138.055
3.896222 9135.646
3.897383 9133.245
3.898545 9130.854
3.899706 9128.471
3.900866 9126.097
3.902027 9123.732
3.903187 9121.376
3.904347 9119.029
3.905506 9116.69
3.906666 9114.36
3.907825 9112.039
3.908984 9109.726
3.910142 9107.423
3.9113 9105.128
3.912458 9102.841
3.913616 9100.563
3.914773 9098.294
3.91593 9096.034
3.917087 9093.782
3.918243 9091.538
3.919399 9089.304
3.920555 9087.077
3.921711 9084.86
3.922866 9082.65
3.924022 9080.45
3.925176 9078.257
3.926331 9076.073
3.927485 9073.898
3.928639 9071.731
3.929793 9069.572
3.930947 9067.422
3.9321 9065.28
3.933253 9063.147
3.934405 9061.022
3.935558 9058.905
3.93671 9056.796
3.937862 9054.696
3.939014 9052.604
3.940165 9050.52
3.941316 9048.445
3.942467 9046.378
3.943618 9044.319
3.944768 9042.268
3.945918 9040.225
3.947068 9038.19
3.948217 9036.164
3.949367 9034.146
3.950516 9032.135
3.951665 9030.133
3.952813 9028.139
3.953961 9026.153
3.95511 9024.175
3.956257 9022.205
3.957405 9020.243
3.958552 9018.289
3.959699 9016.343
3.960846 9014.406
3.961993 9012.475
3.963139 9010.553
3.964285 9008.639
3.965431 9006.733
3.966577 9004.834
3.967722 9002.944
3.968867 9001.061
3.970012 8999.186
3.971157 8997.319
3.972301 8995.46
3.973445 8993.609
3.974589 8991.765
3.975733 8989.929
3.976876 8988.101
3.978019 8986.281
3.979162 8984.468
3.980305 8982.663
3.981448 8980.866
3.98259 8979.077
3.983732 8977.295
3.984874 8975.52
3.986016 8973.754
3.987157 8971.995
3.988298 8970.243
3.989439 8968.5
3.99058 8966.763
3.99172 8965.035
3.99286 8963.314
3.994 8961.6
3.99514 8959.894
3.99628 8958.196
3.997419 8956.504
3.998558 8954.821
3.999697 8953.145
4.000836 8951.476
4.001974 8949.815
4.003113 8948.161
4.004251 8946.515
4.005389 8944.876
4.006526 8943.244
4.007664 8941.62
4.008801 8940.003
4.009938 8938.394
4.011074 8936.792
4.012211 8935.197
4.013347 8933.609
4.014483 8932.029
4.015619 8930.456
4.016755 8928.89
4.017891 8927.332
4.019026 8925.78
4.020161 8924.236
4.021296 8922.7
4.022431 8921.17
4.023565 8919.648
4.024699 8918.132
4.025833 8916.624
4.026967 8915.123
4.028101 8913.63
4.029234 8912.143
4.030368 8910.663
4.031501 8909.191
4.032633 8907.725
4.033766 8906.267
4.034899 8904.816
4.036031 8903.372
4.037163 8901.934
4.038295 8900.504
4.039427 8899.081
4.040558 8897.665
4.041689 8896.256
4.04282 8894.854
4.043951 8893.458
4.045082 8892.07
4.046213 8890.689
4.047343 8889.314
4.048473 8887.947
4.049603 8886.586
4.050733 8885.232
4.051862 8883.886
4.052992 8882.546
4.054121 8881.212
4.05525 8879.886
4.056379 8878.567
4.057508 8877.254
4.058636 8875.948
4.059765 8874.649
4.060893 8873.357
4.062021 8872.071
4.063148 8870.792
4.064276 8869.52
4.065403 8868.255
4.066531 8866.996
4.067658 8865.745
4.068785 8864.499
4.069911 8863.261
4.071038 8862.029
4.072164 8860.804
4.07329 8859.586
4.074416 8858.374
4.075542 8857.168
4.076668 8855.97
4.077793 8854.778
4.078919 8853.593
4.080044 8852.414
4.081169 8851.241
4.082294 8850.076
4.083418 8848.917
4.084543 8847.764
4.085667 8846.618
4.086791 8845.479
4.087915 8844.346
4.089039 8843.219
4.090163 8842.099
4.091286 8840.985
4.09241 8839.878
4.093533 8838.778
4.094656 8837.684
4.095779 8836.596
4.096902 8835.514
4.098024 8834.44
4.099147 8833.371
4.100269 8832.309
4.101391 8831.253
4.102513 8830.204
4.103635 8829.161
4.104756 8828.124
4.105878 8827.094
4.106999 8826.07
4.10812 8825.052
4.109241 8824.041
4.110362 8823.036
4.111483 8822.037
4.112603 8821.044
4.113724 8820.058
4.114844 8819.078
4.115964 8818.104
4.117084 8817.137
4.118204 8816.175
4.119324 8815.22
4.120443 8814.271
4.121562 8813.329
4.122682 8812.392
4.123801 8811.462
4.12492 8810.538
4.126039 8809.62
4.127157 8808.708
4.128276 8807.802
4.129394 8806.902
4.130512 8806.009
4.131631 8805.121
4.132748 8804.24
4.133866 8803.365
4.134984 8802.496
4.136102 8801.633
4.137219 8800.776
4.138336 8799.925
4.139453 8799.08
4.140571 8798.241
4.141687 8797.408
4.142804 8796.581
4.143921 8795.76
4.145037 8794.945
4.146154 8794.136
4.14727 8793.333
4.148386 8792.536
4.149502 8791.745
4.150618 8790.96
4.151734 8790.181
4.152849 8789.408
4.153965 8788.64
4.15508 8787.879
4.156195 8787.124
4.15731 8786.374
4.158425 8785.63
4.15954 8784.892
4.160655 8784.16
4.161769 8783.434
4.162884 8782.714
4.163998 8781.999
4.165113 8781.29
4.166227 8780.587
4.167341 8779.89
4.168455 8779.199
4.169568 8778.514
4.170682 8777.834
4.171796 8777.16
4.172909 8776.492
4.174022 8775.829
4.175136 8775.173
4.176249 8774.522
4.177362 8773.876
4.178474 8773.237
4.179587 8772.603
4.1807 8771.975
4.181812 8771.352
4.182925 8770.736
4.184037 8770.124
4.185149 8769.519
4.186261 8768.919
4.187373 8768.325
4.188485 8767.736
4.189597 8767.154
4.190709 8766.576
4.19182 8766.005
4.192932 8765.439
4.194043 8764.878
4.195154 8764.323
4.196265 8763.774
4.197376 8763.23
4.198487 8762.692
4.199598 8762.159
4.200709 8761.632
4.20182 8761.111
4.20293 8760.595
4.204041 8760.084
4.205151 8759.579
4.206261 8759.08
4.207371 8758.586
4.208481 8758.097
4.209591 8757.614
4.210701 8757.137
4.211811 8756.665
4.212921 8756.198
4.21403 8755.737
4.21514 8755.281
4.216249 8754.83
4.217358 8754.386
4.218468 8753.946
4.219577 8753.512
4.220686 8753.083
4.221795 8752.66
4.222904 8752.242
4.224012 8751.829
4.225121 8751.422
4.22623 8751.02
4.227338 8750.624
4.228447 8750.232
4.229555 8749.847
4.230663 8749.466
4.231771 8749.091
4.232879 8748.721
4.233987 8748.356
4.235095 8747.997
4.236203 8747.643
4.237311 8747.294
4.238419 8746.951
4.239526 8746.612
4.240634 8746.279
4.241741 8745.952
4.242848 8745.629
4.243956 8745.312
4.245063 8745.0
4.24617 8744.693
4.247277 8744.391
4.248384 8744.095
4.249491 8743.804
4.250598 8743.518
4.251705 8743.237
4.252811 8742.961
4.253918 8742.691
4.255024 8742.425
4.256131 8742.165
4.257237 8741.91
4.258344 8741.66
4.25945 8741.415
4.260556 8741.176
4.261662 8740.941
4.262768 8740.711
4.263874 8740.487
4.26498 8740.268
4.266086 8740.053
4.267192 8739.844
4.268297 8739.64
4.269403 8739.441
4.270509 8739.247
4.271614 8739.058
4.27272 8738.874
4.273825 8738.696
4.27493 8738.522
4.276036 8738.353
4.277141 8738.189
4.278246 8738.03
4.279351 8737.876
4.280456 8737.728
4.281561 8737.584
4.282666 8737.445
4.283771 8737.311
4.284876 8737.182
4.285981 8737.058
4.287085 8736.939
4.28819 8736.825
4.289295 8736.716
4.290399 8736.611
4.291504 8736.512
4.292608 8736.418
4.293712 8736.328
4.294817 8736.244
4.295921 8736.164
4.297025 8736.089
4.298129 8736.019
4.299234 8735.954
4.300338 8735.894
4.301442 8735.838
4.302546 8735.788
4.30365 8735.742
4.304753 8735.701
4.305857 8735.665
4.306961 8735.634
4.308065 8735.608
4.309169 8735.586
4.310272 8735.569
4.311376 8735.557
4.312479 8735.55
4.313583 8735.548
4.314686 8735.55
4.31579 8735.557
4.316893 8735.569
4.317997 8735.586
4.3191 8735.607
4.320203 8735.633
4.321306 8735.664
4.32241 8735.7
4.323513 8735.74
4.324616 8735.785
4.325719 8735.835
4.326822 8735.89
4.327925 8735.949
4.329028 8736.013
4.330131 8736.081
4.331234 8736.154
4.332337 8736.232
4.33344 8736.315
4.334543 8736.402
4.335645 8736.494
4.336748 8736.591
4.337851 8736.692
4.338954 8736.798
4.340056 8736.908
4.341159 8737.023
4.342262 8737.143
4.343364 8737.267
4.344467 8737.396
4.345569 8737.529
4.346672 8737.668
4.347774 8737.81
4.348877 8737.957
4.349979 8738.109
4.351082 8738.266
4.352184 8738.427
4.353286 8738.592
4.354389 8738.762
4.355491 8738.937
4.356593 8739.116
4.357696 8739.3
4.358798 8739.488
4.3599 8739.681
4.361002 8739.878
4.362105 8740.079
4.363207 8740.286
4.364309 8740.496
4.365411 8740.712
4.366513 8740.931
4.367615 8741.155
4.368717 8741.384
4.369819 8741.617
4.370922 8741.855
4.372024 8742.097
4.373126 8742.343
4.374228 8742.594
4.37533 8742.85
4.376432 8743.109
4.377534 8743.373
4.378636 8743.642
4.379738 8743.915
4.38084 8744.193
4.381942 8744.474
4.383044 8744.761
4.384145 8745.051
4.385247 8745.346
4.386349 8745.646
4.387451 8745.949
4.388553 8746.257
4.389655 8746.57
4.390757 8746.887
4.391859 8747.208
4.392961 8747.533
4.394063 8747.863
4.395164 8748.198
4.396266 8748.536
4.397368 8748.879
4.39847 8749.226
4.399572 8749.577
4.400674 8749.933
4.401776 8750.293
4.402878 8750.658
4.403979 8751.026
4.405081 8751.399
4.406183 8751.776
4.407285 8752.158
4.408387 8752.544
4.409489 8752.934
4.410591 8753.328
4.411693 8753.727
4.412795 8754.129
4.413897 8754.536
4.414998 8754.948
4.4161 8755.363
4.417202 8755.783
4.418304 8756.207
4.419406 8756.635
4.420508 8757.067
4.42161 8757.503
4.422712 8757.944
4.423814 8758.389
4.424916 8758.838
4.426018 8759.291
4.42712 8759.749
4.428222 8760.211
4.429324 8760.676
4.430426 8761.146
4.431528 8761.62
4.43263 8762.099
4.433732 8762.581
4.434835 8763.068
4.435937 8763.558
4.437039 8764.053
4.438141 8764.552
4.439243 8765.055
4.440345 8765.562
4.441448 8766.073
4.44255 8766.589
4.443652 8767.108
4.444754 8767.632
4.445857 8768.159
4.446959 8768.691
4.448061 8769.227
4.449164 8769.767
4.450266 8770.311
4.451369 8770.859
4.452471 8771.411
4.453573 8771.967
4.454676 8772.527
4.455778 8773.091
4.456881 8773.659
4.457983 8774.232
4.459086 8774.808
4.460189 8775.388
4.461291 8775.972
4.462394 8776.561
4.463497 8777.153
4.464599 8777.749
4.465702 8778.35
4.466805 8778.954
4.467908 8779.562
4.469011 8780.175
4.470114 8780.791
4.471216 8781.411
4.472319 8782.036
4.473422 8782.664
4.474525 8783.296
4.475628 8783.932
4.476731 8784.572
4.477835 8785.216
4.478938 8785.864
4.480041 8786.516
4.481144 8787.172
4.482247 8787.831
4.483351 8788.495
4.484454 8789.163
4.485557 8789.834
4.486661 8790.509
4.487764 8791.189
4.488868 8791.872
4.489971 8792.559
4.491075 8793.25
4.492179 8793.945
4.493282 8794.644
4.494386 8795.346
4.49549 8796.053
4.496593 8796.763
4.497697 8797.477
4.498801 8798.195
4.499905 8798.917
4.501009 8799.643
4.502113 8800.373
4.503217 8801.106
4.504321 8801.843
4.505425 8802.584
4.50653 8803.329
4.507634 8804.078
4.508738 8804.831
4.509843 8805.587
4.510947 8806.347
4.512051 8807.111
4.513156 8807.879
4.514261 8808.651
4.515365 8809.426
4.51647 8810.205
4.517575 8810.988
4.518679 8811.775
4.519784 8812.565
4.520889 8813.359
4.521994 8814.157
4.523099 8814.959
4.524204 8815.765
4.525309 8816.574
4.526414 8817.387
4.52752 8818.204
4.528625 8819.024
4.52973 8819.849
4.530836 8820.676
4.531941 8821.508
4.533047 8822.344
4.534152 8823.183
4.535258 8824.025
4.536363 8824.872
4.537469 8825.722
4.538575 8826.576
4.539681 8827.434
4.540787 8828.295
4.541893 8829.16
4.542999 8830.029
4.544105 8830.901
4.545211 8831.777
4.546318 8832.657
4.547424 8833.54
4.54853 8834.427
4.549637 8835.318
4.550743 8836.212
4.55185 8837.11
4.552957 8838.012
4.554064 8838.917
4.55517 8839.826
4.556277 8840.739
4.557384 8841.655
4.558491 8842.575
4.559598 8843.498
4.560706 8844.425
4.561813 8845.356
4.56292 8846.29
4.564028 8847.228
4.565135 8848.169
4.566243 8849.114
4.56735 8850.063
4.568458 8851.015
4.569566 8851.971
4.570674 8852.93
4.571782 8853.893
4.57289 8854.86
4.573998 8855.83
4.575106 8856.804
4.576214 8857.781
4.577323 8858.762
4.578431 8859.746
4.579539 8860.734
4.580648 8861.725
4.581757 8862.72
4.582865 8863.719
4.583974 8864.721
4.585083 8865.726
4.586192 8866.735
4.587301 8867.748
4.58841 8868.764
4.58952 8869.784
4.590629 8870.807
4.591738 8871.834
4.592848 8872.864
4.593958 8873.897
4.595067 8874.935
4.596177 8875.975
4.597287 8877.019
4.598397 8878.067
4.599507 8879.118
4.600617 8880.173
4.601727 8881.231
4.602838 8882.292
4.603948 8883.357
4.605059 8884.426
4.606169 8885.498
4.60728 8886.573
4.608391 8887.652
4.609502 8888.734
4.610612 8889.82
4.611724 8890.909
4.612835 8892.001
4.613946 8893.097
4.615057 8894.197
4.616169 8895.3
4.61728 8896.406
4.618392 8897.516
4.619504 8898.629
4.620616 8899.745
4.621728 8900.865
4.62284 8901.988
4.623952 8903.115
4.625064 8904.245
4.626176 8905.379
4.627289 8906.516
4.628401 8907.656
4.629514 8908.8
4.630627 8909.947
4.63174 8911.097
4.632853 8912.251
4.633966 8913.408
4.635079 8914.569
4.636192 8915.732
4.637306 8916.9
4.638419 8918.07
4.639533 8919.244
4.640647 8920.421
4.64176 8921.602
4.642874 8922.786
4.643988 8923.973
4.645103 8925.164
4.646217 8926.358
4.647331 8927.555
4.648446 8928.756
4.64956 8929.96
4.650675 8931.167
4.65179 8932.377
4.652905 8933.591
4.65402 8934.808
4.655135 8936.029
4.656251 8937.253
4.657366 8938.48
4.658482 8939.71
4.659597 8940.944
4.660713 8942.181
4.661829 8943.421
4.662945 8944.664
4.664061 8945.911
4.665177 8947.161
4.666294 8948.415
4.66741 8949.671
4.668527 8950.931
4.669643 8952.194
4.67076 8953.46
4.671877 8954.73
4.672994 8956.003
4.674112 8957.279
4.675229 8958.558
4.676346 8959.841
4.677464 8961.127
4.678582 8962.416
4.679699 8963.708
4.680817 8965.003
4.681936 8966.302
4.683054 8967.604
4.684172 8968.909
4.685291 8970.218
4.686409 8971.529
4.687528 8972.844
4.688647 8974.162
4.689766 8975.483
4.690885 8976.807
4.692004 8978.135
4.693124 8979.466
4.694243 8980.8
4.695363 8982.137
4.696483 8983.477
4.697603 8984.821
4.698723 8986.167
4.699843 8987.517
4.700963 8988.87
4.702084 8990.226
4.703204 8991.586
4.704325 8992.948
4.705446 8994.314
4.706567 8995.683
4.707688 8997.055
4.708809 8998.43
4.709931 8999.808
4.711052 9001.189
4.712174 9002.574
4.713296 9003.962
4.714418 9005.352
4.71554 9006.746
4.716662 9008.143
4.717785 9009.544
4.718907 9010.947
4.72003 9012.353
4.721153 9013.763
4.722276 9015.176
4.723399 9016.591
4.724522 9018.01
4.725646 9019.432
4.726769 9020.857
4.727893 9022.285
4.729017 9023.717
4.730141 9025.151
4.731265 9026.588
4.732389 9028.029
4.733514 9029.473
4.734639 9030.919
4.735763 9032.369
4.736888 9033.822
4.738013 9035.278
4.739139 9036.737
4.740264 9038.199
4.741389 9039.664
4.742515 9041.132
4.743641 9042.603
4.744767 9044.077
4.745893 9045.555
4.74702 9047.035
4.748146 9048.518
4.749273 9050.005
4.750399 9051.494
4.751526 9052.987
4.752653 9054.482
4.753781 9055.981
4.754908 9057.482
4.756036 9058.987
4.757163 9060.495
4.758291 9062.005
4.759419 9063.519
4.760548 9065.036
4.761676 9066.555
4.762805 9068.078
4.763933 9069.604
4.765062 9071.133
4.766191 9072.664
4.767321 9074.199
4.76845 9075.737
4.769579 9077.277
4.770709 9078.821
4.771839 9080.368
4.772969 9081.917
4.774099 9083.47
4.77523 9085.025
4.77636 9086.584
4.777491 9088.146
4.778622 9089.71
4.779753 9091.278
4.780884 9092.848
4.782016 9094.421
4.783147 9095.998
4.784279 9097.577
4.785411 9099.159
4.786543 9100.745
4.787675 9102.333
4.788808 9103.924
4.78994 9105.518
4.791073 9107.115
4.792206 9108.715
4.793339 9110.318
4.794473 9111.923
4.795606 9113.532
4.79674 9115.144
4.797874 9116.758
4.799008 9118.376
4.800142 9119.996
4.801276 9121.619
4.802411 9123.246
4.803546 9124.875
4.804681 9126.507
4.805816 9128.142
4.806951 9129.78
4.808087 9131.42
4.809222 9133.064
4.810358 9134.711
4.811494 9136.36
4.812631 9138.012
4.813767 9139.668
4.814904 9141.326
4.816041 9142.987
4.817178 9144.65
4.818315 9146.317
4.819452 9147.987
4.82059 9149.659
4.821727 9151.335
4.822865 9153.013
4.824003 9154.694
4.825142 9156.378
4.82628 9158.065
4.827419 9159.754
4.828558 9161.447
4.829697 9163.142
4.830836 9164.84
4.831976 9166.541
4.833116 9168.245
4.834255 9169.952
4.835396 9171.661
4.836536 9173.374
4.837676 9175.089
4.838817 9176.807
4.839958 9178.528
4.841099 9180.252
4.84224 9181.978
4.843382 9183.708
4.844523 9185.44
4.845665 9187.175
4.846807 9188.913
4.84795 9190.653
4.849092 9192.397
4.850235 9194.143
4.851378 9195.892
4.852521 9197.644
4.853664 9199.398
4.854807 9201.156
4.855951 9202.916
4.857095 9204.679
4.858239 9206.445
4.859384 9208.213
4.860528 9209.985
4.861673 9211.759
4.862818 9213.536
4.863963 9215.316
4.865108 9217.098
4.866254 9218.883
4.8674 9220.671
4.868546 9222.462
4.869692 9224.256
4.870838 9226.052
4.871985 9227.851
4.873132 9229.653
4.874279 9231.458
4.875426 9233.265
4.876574 9235.075
4.877721 9236.888
4.878869 9238.704
4.880017 9240.522
4.881166 9242.343
4.882314 9244.167
4.883463 9245.993
4.884612 9247.823
4.885762 9249.655
4.886911 9251.489
4.888061 9253.327
4.889211 9255.167
4.890361 9257.01
4.891511 9258.856
4.892662 9260.704
4.893812 9262.555
4.894964 9264.409
4.896115 9266.266
4.897266 9268.125
4.898418 9269.987
4.89957 9271.851
4.900722 9273.719
4.901874 9275.589
4.903027 9277.461
4.90418 9279.337
4.905333 9281.215
4.906486 9283.096
4.90764 9284.979
4.908794 9286.866
4.909948 9288.754
4.911102 9290.646
4.912256 9292.54
4.913411 9294.437
4.914566 9296.337
4.915721 9298.239
4.916876 9300.144
4.918032 9302.052
4.919188 9303.962
4.920344 9305.875
4.9215 9307.79
4.922657 9309.709
4.923814 9311.63
4.924971 9313.553
4.926128 9315.479
4.927286 9317.408
4.928443 9319.34
4.929601 9321.274
4.93076 9323.211
4.931918 9325.15
4.933077 9327.092
4.934236 9329.037
4.935395 9330.984
4.936554 9332.934
4.937714 9334.887
4.938874 9336.842
4.940034 9338.8
4.941195 9340.761
4.942355 9342.724
4.943516 9344.69
4.944678 9346.658
4.945839 9348.629
4.947001 9350.603
4.948163 9352.579
4.949325 9354.558
4.950487 9356.539
4.95165 9358.523
4.952813 9360.51
4.953976 9362.499
4.955139 9364.491
4.956303 9366.485
4.957467 9368.482
4.958631 9370.482
4.959796 9372.484
4.960961 9374.489
4.962125 9376.496
4.963291 9378.506
4.964456 9380.519
4.965622 9382.534
4.966788 9384.552
4.967954 9386.572
4.969121 9388.595
4.970288 9390.621
4.971455 9392.649
4.972622 9394.679
4.973789 9396.712
4.974957 9398.748
4.976125 9400.786
4.977294 9402.827
4.978462 9404.871
4.979631 9406.917
4.9808 9408.965
4.98197 9411.016
4.983139 9413.07
4.984309 9415.126
4.98548 9417.185
4.98665 9419.246
4.987821 9421.31
4.988992 9423.376
4.990163 9425.445
4.991335 9427.516
4.992507 9429.59
4.993679 9431.667
4.994851 9433.746
4.996024 9435.827
4.997197 9437.911
4.99837 9439.998
4.999543 9442.087
5.000717 9444.178
5.001891 9446.273
5.003065 9448.369
5.00424 9450.468
5.005415 9452.57
5.00659 9454.674
5.007765 9456.781
5.008941 9458.89
5.010117 9461.002
5.011293 9463.116
5.01247 9465.233
5.013647 9467.352
5.014824 9469.473
5.016001 9471.598
5.017179 9473.724
5.018357 9475.853
5.019535 9477.985
5.020714 9480.119
5.021892 9482.256
5.023072 9484.395
5.024251 9486.537
5.025431 9488.681
5.026611 9490.827
5.027791 9492.976
5.028971 9495.128
5.030152 9497.282
5.031333 9499.438
5.032515 9501.597
5.033696 9503.758
5.034878 9505.922
5.036061 9508.088
5.037243 9510.257
5.038426 9512.428
5.039609 9514.602
5.040793 9516.778
5.041977 9518.957
5.043161 9521.137
5.044345 9523.321
5.04553 9525.507
5.046715 9527.695
5.0479 9529.886
5.049085 9532.079
5.050271 9534.275
5.051457 9536.473
5.052644 9538.673
5.053831 9540.876
5.055018 9543.082
5.056205 9545.29
5.057393 9547.5
5.058581 9549.712
5.059769 9551.928
5.060957 9554.145
5.062146 9556.365
5.063336 9558.587
5.064525 9560.812
5.065715 9563.039
5.066905 9565.269
5.068095 9567.501
5.069286 9569.735
5.070477 9571.972
5.071668 9574.211
5.07286 9576.453
5.074052 9578.697
5.075244 9580.943
5.076437 9583.192
5.07763 9585.443
5.078823 9587.697
5.080017 9589.953
5.081211 9592.211
5.082405 9594.472
5.083599 9596.735
5.084794 9599.001
5.085989 9601.269
5.087185 9603.539
5.08838 9605.812
5.089577 9608.087
5.090773 9610.364
5.09197 9612.644
5.093167 9614.926
5.094364 9617.211
5.095562 9619.498
5.09676 9621.787
5.097958 9624.078
5.099157 9626.372
5.100356 9628.669
5.101555 9630.968
5.102755 9633.269
5.103955 9635.572
5.105155 9637.878
5.106356 9640.186
5.107557 9642.497
5.108758 9644.809
5.10996 9647.125
5.111162 9649.442
5.112364 9651.762
5.113567 9654.084
5.11477 9656.409
5.115973 9658.736
5.117177 9661.065
5.118381 9663.397
5.119585 9665.73
5.12079 9668.067
5.121995 9670.405
5.1232 9672.746
5.124406 9675.089
5.125612 9677.435
5.126818 9679.783
5.128025 9682.133
5.129232 9684.486
5.130439 9686.84
5.131647 9689.198
5.132855 9691.557
5.134063 9693.919
5.135272 9696.283
5.136481 9698.649
5.137691 9701.018
5.1389 9703.389
5.14011 9705.762
5.141321 9708.138
5.142532 9710.516
5.143743 9712.896
5.144954 9715.279
5.146166 9717.663
5.147379 9720.05
5.148591 9722.44
5.149804 9724.831
5.151017 9727.225
5.152231 9729.622
5.153445 9732.02
5.154659 9734.421
5.155874 9736.824
5.157089 9739.23
5.158305 9741.637
5.15952 9744.047
5.160736 9746.459
5.161953 9748.874
5.16317 9751.291
5.164387 9753.71
5.165605 9756.131
5.166822 9758.555
5.168041 9760.98
5.169259 9763.409
5.170478 9765.839
5.171698 9768.272
5.172918 9770.706
5.174138 9773.144
5.175358 9775.583
5.176579 9778.025
5.1778 9780.468
5.179022 9782.915
5.180244 9785.363
5.181466 9787.814
5.182689 9790.267
5.183912 9792.722
5.185135 9795.179
5.186359 9797.639
5.187583 9800.101
5.188808 9802.565
5.190033 9805.031
5.191258 9807.5
5.192484 9809.97
5.19371 9812.443
5.194936 9814.919
5.196163 9817.396
5.19739 9819.876
5.198618 9822.358
5.199846 9824.842
5.201074 9827.328
5.202303 9829.817
5.203532 9832.308
5.204762 9834.801
5.205992 9837.296
5.207222 9839.794
5.208452 9842.293
5.209683 9844.795
5.210915 9847.299
5.212147 9849.806
5.213379 9852.314
5.214611 9854.825
5.215844 9857.338
5.217078 9859.853
5.218311 9862.37
5.219546 9864.89
5.22078 9867.412
5.222015 9869.936
5.22325 9872.462
5.224486 9874.99
5.225722 9877.521
5.226959 9880.053
5.228196 9882.588
5.229433 9885.125
5.230671 9887.665
5.231909 9890.206
5.233147 9892.75
5.234386 9895.295
5.235625 9897.843
5.236865 9900.394
5.238105 9902.946
5.239346 9905.5
5.240586 9908.057
5.241828 9910.616
5.24307 9913.177
5.244312 9915.74
5.245554 9918.305
5.246797 9920.873
5.24804 9923.443
5.249284 9926.014
5.250528 9928.588
5.251773 9931.165
5.253018 9933.743
5.254263 9936.323
5.255509 9938.906
5.256755 9941.491
5.258002 9944.078
5.259249 9946.667
5.260496 9949.258
5.261744 9951.851
5.262992 9954.447
5.264241 9957.045
5.26549 9959.644
5.26674 9962.246
5.26799 9964.851
5.26924 9967.457
5.270491 9970.065
5.271742 9972.676
5.272994 9975.288
5.274246 9977.903
5.275498 9980.52
5.276751 9983.139
5.278005 9985.76
5.279258 9988.383
5.280513 9991.009
5.281767 9993.636
5.283022 9996.266
5.284278 9998.898
5.285534 10001.532
5.28679 10004.168
5.288047 10006.806
5.289304 10009.446
5.290562 10012.088
5.29182 10014.733
5.293078 10017.379
5.294337 10020.028
5.295596 10022.679
5.296856 10025.332
5.298116 10027.987
5.299377 10030.644
5.300638 10033.303
5.3019 10035.964
5.303162 10038.628
5.304424 10041.293
5.305687 10043.961
5.30695 10046.63
5.308214 10049.302
5.309478 10051.976
5.310743 10054.652
5.312008 10057.33
5.313274 10060.01
5.31454 10062.693
5.315806 10065.377
5.317073 10068.063
5.31834 10070.752
5.319608 10073.442
5.320877 10076.135
5.322145 10078.83
5.323414 10081.526
5.324684 10084.225
5.325954 10086.926
5.327225 10089.629
5.328496 10092.334
5.329767 10095.041
5.331039 10097.751
5.332311 10100.462
5.333584 10103.175
5.334857 10105.891
5.336131 10108.608
5.337405 10111.328
5.33868 10114.049
5.339955 10116.773
5.341231 10119.499
5.342507 10122.226
5.343783 10124.956
5.34506 10127.688
5.346338 10130.422
5.347615 10133.158
5.348894 10135.896
5.350173 10138.636
5.351452 10141.378
5.352732 10144.122
5.354012 10146.868
5.355293 10149.617
5.356574 10152.367
5.357856 10155.119
5.359138 10157.873
5.36042 10160.63
5.361704 10163.388
5.362987 10166.149
5.364271 10168.911
5.365556 10171.676
5.366841 10174.442
5.368126 10177.211
5.369412 10179.981
5.370699 10182.754
5.371986 10185.529
5.373273 10188.305
5.374561 10191.084
5.37585 10193.865
5.377138 10196.647
5.378428 10199.432
5.379718 10202.219
5.381008 10205.008
5.382299 10207.798
5.38359 10210.591
5.384882 10213.386
5.386174 10216.183
5.387467 10218.982
5.388761 10221.782
5.390054 10224.585
5.391349 10227.39
5.392643 10230.197
5.393939 10233.006
5.395235 10235.817
5.396531 10238.629
5.397828 10241.444
5.399125 10244.261
5.400423 10247.08
5.401721 10249.901
5.40302 10252.723
5.404319 10255.548
5.405619 10258.375
5.406919 10261.204
5.40822 10264.035
5.409522 10266.867
5.410823 10269.702
5.412126 10272.539
5.413429 10275.377
5.414732 10278.218
5.416036 10281.061
5.41734 10283.905
5.418645 10286.752
5.419951 10289.6
5.421257 10292.451
5.422563 10295.303
5.42387 10298.158
5.425178 10301.014
5.426486 10303.873
5.427794 10306.733
5.429103 10309.595
5.430413 10312.46
5.431723 10315.326
5.433034 10318.194
5.434345 10321.064
5.435656 10323.936
5.436969 10326.811
5.438281 10329.687
5.439595 10332.565
5.440908 10335.444
5.442223 10338.326
5.443538 10341.21
5.444853 10344.096
5.446169 10346.984
5.447485 10349.873
5.448802 10352.765
5.45012 10355.659
5.451438 10358.554
5.452756 10361.452
5.454076 10364.351
5.455395 10367.252
5.456716 10370.156
5.458036 10373.061
5.459358 10375.968
5.460679 10378.877
5.462002 10381.788
5.463325 10384.701
5.464648 10387.616
5.465972 10390.533
5.467297 10393.451
5.468622 10396.372
5.469948 10399.295
5.471274 10402.219
5.4726 10405.146
5.473928 10408.074
5.475256 10411.004
5.476584 10413.936
5.477913 10416.87
5.479243 10419.806
5.480573 10422.744
5.481903 10425.684
5.483235 10428.626
5.484566 10431.569
5.485899 10434.515
5.487231 10437.462
5.488565 10440.412
5.489899 10443.363
5.491234 10446.316
5.492569 10449.271
5.493904 10452.228
5.495241 10455.187
5.496577 10458.148
5.497915 10461.11
5.499253 10464.075
5.500591 10467.041
5.501931 10470.01
5.50327 10472.98
5.50461 10475.952
5.505951 10478.926
5.507293 10481.902
5.508635 10484.88
5.509977 10487.859
5.51132 10490.841
5.512664 10493.824
5.514008 10496.81
5.515353 10499.797
5.516699 10502.786
5.518045 10505.777
5.519392 10508.77
5.520739 10511.764
5.522087 10514.761
5.523435 10517.759
5.524784 10520.76
5.526133 10523.762
5.527484 10526.766
5.528834 10529.772
5.530186 10532.779
5.531538 10535.789
5.53289 10538.801
5.534243 10541.814
5.535597 10544.829
5.536951 10547.846
5.538306 10550.865
5.539662 10553.886
5.541018 10556.908
5.542375 10559.933
5.543732 10562.959
5.54509 10565.987
5.546448 10569.017
5.547808 10572.049
5.549167 10575.083
5.550528 10578.119
5.551889 10581.156
5.55325 10584.195
5.554612 10587.236
5.555975 10590.279
5.557339 10593.324
5.558703 10596.371
5.560067 10599.419
5.561432 10602.469
5.562798 10605.521
5.564165 10608.575
5.565532 10611.631
5.5669 10614.689
5.568268 10617.748
5.569637 10620.809
5.571007 10623.872
5.572377 10626.937
5.573748 10630.004
5.575119 10633.073
5.576491 10636.143
5.577864 10639.215
5.579237 10642.289
5.580611 10645.365
5.581986 10648.443
5.583361 10651.522
5.584737 10654.603
5.586113 10657.686
5.58749 10660.771
5.588868 10663.858
5.590247 10666.946
5.591626 10670.037
5.593005 10673.129
5.594386 10676.222
5.595767 10679.318
5.597148 10682.416
5.598531 10685.515
5.599913 10688.616
5.601297 10691.719
5.602681 10694.823
5.604066 10697.93
5.605452 10701.038
5.606838 10704.148
5.608225 10707.26
5.609612 10710.374
5.611 10713.489
5.612389 10716.606
5.613778 10719.725
5.615168 10722.846
5.616559 10725.968
5.61795 10729.093
5.619343 10732.219
5.620735 10735.347
5.622129 10738.476
5.623523 10741.608
5.624917 10744.741
5.626313 10747.876
5.627709 10751.013
5.629105 10754.151
5.630503 10757.291
5.631901 10760.433
5.6333 10763.577
5.634699 10766.723
5.636099 10769.87
5.6375 10773.019
5.638901 10776.17
5.640303 10779.322
5.641706 10782.477
5.64311 10785.633
5.644514 10788.791
5.645918 10791.95
5.647324 10795.111
5.64873 10798.275
5.650137 10801.439
5.651545 10804.606
5.652953 10807.774
5.654362 10810.944
5.655771 10814.116
5.657182 10817.29
5.658593 10820.465
5.660004 10823.642
5.661417 10826.821
5.66283 10830.001
5.664244 10833.183
5.665658 10836.367
5.667073 10839.553
5.668489 10842.74
5.669906 10845.929
5.671323 10849.12
5.672741 10852.313
5.67416 10855.507
5.675579 10858.703
5.676999 10861.901
5.67842 10865.1
5.679842 10868.302
5.681264 10871.504
5.682687 10874.709
5.68411 10877.915
5.685535 10881.123
5.68696 10884.333
5.688386 10887.545
5.689812 10890.758
5.69124 10893.973
5.692668 10897.189
5.694096 10900.407
5.695526 10903.627
5.696956 10906.849
5.698387 10910.072
5.699818 10913.297
5.701251 10916.524
5.702684 10919.753
5.704117 10922.983
5.705552 10926.215
5.706987 10929.448
5.708423 10932.683
5.70986 10935.92
5.711297 10939.159
5.712736 10942.399
5.714175 10945.641
5.715614 10948.885
5.717055 10952.13
5.718496 10955.377
5.719938 10958.626
5.72138 10961.876
5.722824 10965.128
5.724268 10968.381
5.725713 10971.637
5.727158 10974.894
5.728605 10978.152
5.730052 10981.413
5.7315 10984.675
5.732949 10987.938
5.734398 10991.204
5.735848 10994.471
5.737299 10997.739
5.738751 11001.01
5.740203 11004.282
5.741657 11007.555
5.743111 11010.83
5.744565 11014.107
5.746021 11017.386
5.747477 11020.666
5.748934 11023.948
5.750392 11027.231
5.751851 11030.517
5.75331 11033.803
5.75477 11037.092
5.756231 11040.382
5.757693 11043.673
5.759155 11046.967
5.760619 11050.262
5.762083 11053.558
5.763548 11056.856
5.765013 11060.156
5.76648 11063.458
5.767947 11066.761
5.769415 11070.065
5.770884 11073.372
5.772353 11076.68
5.773824 11079.989
5.775295 11083.3
5.776767 11086.613
5.778239 11089.928
5.779713 11093.244
5.781187 11096.561
5.782663 11099.881
5.784138 11103.201
5.785615 11106.524
5.787093 11109.848
5.788571 11113.174
5.79005 11116.501
5.79153 11119.83
5.793011 11123.16
5.794493 11126.492
5.795975 11129.826
5.797458 11133.161
5.798943 11136.498
5.800427 11139.836
5.801913 11143.176
5.8034 11146.518
5.804887 11149.861
5.806375 11153.206
5.807864 11156.552
5.809354 11159.9
5.810845 11163.249
5.812336 11166.6
5.813828 11169.953
5.815321 11173.307
5.816815 11176.663
5.81831 11180.02
5.819806 11183.379
5.821302 11186.74
5.8228 11190.102
5.824298 11193.465
5.825797 11196.83
5.827297 11200.197
5.828797 11203.565
5.830299 11206.935
5.831801 11210.307
5.833305 11213.68
5.834809 11217.054
5.836314 11220.43
5.837819 11223.808
5.839326 11227.187
5.840834 11230.567
5.842342 11233.95
5.843851 11237.333
5.845361 11240.719
5.846872 11244.105
5.848384 11247.494
5.849897 11250.884
5.85141 11254.275
5.852925 11257.668
5.85444 11261.062
5.855956 11264.458
5.857473 11267.856
5.858991 11271.255
5.86051 11274.655
5.862029 11278.057
5.86355 11281.461
5.865071 11284.866
5.866594 11288.273
5.868117 11291.681
5.869641 11295.09
5.871166 11298.502
5.872692 11301.914
5.874218 11305.328
5.875746 11308.744
5.877275 11312.161
5.878804 11315.58
5.880334 11319.0
5.881866 11322.421
5.883398 11325.845
5.884931 11329.269
5.886465 11332.695
5.887999 11336.123
5.889535 11339.552
5.891072 11342.982
5.892609 11346.414
5.894148 11349.848
5.895687 11353.283
5.897227 11356.719
5.898769 11360.157
5.900311 11363.597
5.901854 11367.037
5.903398 11370.48
5.904943 11373.924
5.906488 11377.369
5.908035 11380.816
5.909583 11384.264
5.911131 11387.713
5.912681 11391.164
5.914231 11394.617
5.915783 11398.071
5.917335 11401.526
5.918888 11404.983
5.920442 11408.442
5.921997 11411.901
5.923554 11415.363
5.925111 11418.825
5.926668 11422.289
5.928227 11425.755
5.929787 11429.222
5.931348 11432.69
5.93291 11436.16
5.934472 11439.631
5.936036 11443.104
5.937601 11446.578
5.939166 11450.054
5.940733 11453.53
5.9423 11457.009
5.943869 11460.489
5.945438 11463.97
5.947009 11467.452
5.94858 11470.936
5.950152 11474.422
5.951726 11477.909
5.9533 11481.397
5.954875 11484.886
5.956451 11488.377
5.958029 11491.87
5.959607 11495.364
5.961186 11498.859
5.962766 11502.355
5.964347 11505.853
5.965929 11509.353
5.967512 11512.853
5.969097 11516.355
5.970682 11519.859
5.972268 11523.364
5.973855 11526.87
5.975443 11530.378
5.977032 11533.887
5.978622 11537.397
5.980213 11540.909
5.981805 11544.422
5.983399 11547.936
5.984993 11551.452
5.986588 11554.969
5.988184 11558.488
5.989781 11562.008
5.991379 11565.529
5.992978 11569.051
5.994579 11572.575
5.99618 11576.101
5.997782 11579.627
5.999385 11583.155
6.00099 11586.684
6.002595 11590.215
6.004201 11593.747
6.005809 11597.28
6.007417 11600.815
6.009027 11604.351
6.010637 11607.888
6.012249 11611.426
6.013861 11614.966
6.015475 11618.508
6.01709 11622.05
6.018706 11625.594
6.020322 11629.139
6.02194 11632.686
6.023559 11636.233
6.025179 11639.782
6.0268 11643.333
6.028422 11646.884
6.030045 11650.437
6.031669 11653.991
6.033295 11657.547
6.034921 11661.104
6.036548 11664.662
6.038177 11668.221
6.039806 11671.782
6.041437 11675.344
6.043069 11678.907
6.044701 11682.472
6.046335 11686.037
6.04797 11689.604
6.049606 11693.173
6.051243 11696.742
6.052882 11700.313
6.054521 11703.885
6.056161 11707.458
6.057803 11711.033
6.059445 11714.609
6.061089 11718.186
6.062734 11721.764
6.06438 11725.344
6.066026 11728.925
6.067675 11732.507
6.069324 11736.09
6.070974 11739.674
6.072625 11743.26
6.074278 11746.847
6.075932 11750.435
6.077586 11754.025
6.079242 11757.615
6.080899 11761.207
6.082557 11764.8
6.084217 11768.395
6.085877 11771.99
6.087539 11775.587
6.089201 11779.185
6.090865 11782.784
6.09253 11786.384
6.094196 11789.986
6.095863 11793.589
6.097532 11797.192
6.099201 11800.797
6.100872 11804.404
6.102544 11808.011
6.104217 11811.62
6.105891 11815.23
6.107566 11818.841
6.109242 11822.453
6.11092 11826.066
6.112599 11829.681
6.114279 11833.296
6.11596 11836.913
6.117642 11840.531
6.119325 11844.15
6.12101 11847.771
6.122696 11851.392
6.124383 11855.015
6.126071 11858.638
6.12776 11862.263
6.129451 11865.889
6.131142 11869.516
6.132835 11873.145
6.134529 11876.774
6.136224 11880.405
6.137921 11884.036
6.139619 11887.669
6.141317 11891.303
6.143017 11894.938
6.144719 11898.574
6.146421 11902.211
6.148125 11905.85
6.14983 11909.489
6.151536 11913.13
6.153243 11916.771
6.154952 11920.414
6.156662 11924.058
6.158373 11927.703
6.160085 11931.349
6.161798 11934.996
6.163513 11938.644
6.165229 11942.293
6.166946 11945.944
6.168664 11949.595
6.170384 11953.247
6.172105 11956.901
6.173827 11960.556
6.17555 11964.211
6.177275 11967.868
6.179001 11971.526
6.180728 11975.185
6.182456 11978.844
6.184186 11982.505
6.185917 11986.167
6.187649 11989.83
6.189382 11993.494
6.191117 11997.159
6.192853 12000.825
6.19459 12004.492
6.196329 12008.161
6.198068 12011.83
6.199809 12015.5
6.201552 12019.171
6.203295 12022.843
6.20504 12026.516
6.206786 12030.19
6.208534 12033.866
6.210283 12037.542
6.212033 12041.219
6.213784 12044.897
6.215537 12048.576
6.217291 12052.256
6.219046 12055.937
6.220803 12059.62
6.222561 12063.303
6.22432 12066.987
6.226081 12070.672
6.227842 12074.357
6.229606 12078.044
6.23137 12081.732
6.233136 12085.421
6.234903 12089.111
6.236672 12092.801
6.238442 12096.493
6.240213 12100.186
6.241985 12103.879
6.243759 12107.574
6.245534 12111.269
6.247311 12114.965
6.249089 12118.662
6.250868 12122.361
6.252649 12126.06
6.254431 12129.76
6.256214 12133.46
6.257999 12137.162
6.259785 12140.865
6.261572 12144.568
6.263361 12148.273
6.265151 12151.978
6.266943 12155.684
6.268736 12159.391
6.27053 12163.099
6.272326 12166.808
6.274123 12170.518
6.275922 12174.228
6.277722 12177.94
6.279523 12181.652
6.281326 12185.365
6.28313 12189.079
6.284935 12192.794
6.286742 12196.51
6.28855 12200.226
6.29036 12203.944
6.292171 12207.662
6.293984 12211.381
6.295798 12215.101
6.297613 12218.822
6.29943 12222.543
6.301248 12226.265
6.303068 12229.988
6.304889 12233.712
6.306712 12237.437
6.308536 12241.163
6.310361 12244.889
6.312188 12248.616
6.314017 12252.344
6.315846 12256.072
6.317678 12259.802
6.31951 12263.532
6.321345 12267.263
6.32318 12270.995
6.325017 12274.727
6.326856 12278.461
6.328696 12282.195
6.330538 12285.929
6.332381 12289.665
6.334225 12293.401
6.336071 12297.138
6.337919 12300.876
6.339768 12304.614
6.341618 12308.353
6.34347 12312.093
6.345324 12315.834
6.347179 12319.575
6.349035 12323.317
6.350893 12327.06
6.352752 12330.803
6.354613 12334.547
6.356476 12338.292
6.35834 12342.038
6.360206 12345.784
6.362073 12349.531
6.363941 12353.278
6.365812 12357.026
6.367683 12360.775
6.369556 12364.525
6.371431 12368.275
6.373308 12372.026
6.375185 12375.777
6.377065 12379.529
6.378946 12383.282
6.380828 12387.035
6.382713 12390.789
6.384598 12394.544
6.386485 12398.299
6.388374 12402.055
6.390265 12405.812
6.392157 12409.569
6.39405 12413.326
6.395945 12417.085
6.397842 12420.843
6.39974 12424.603
6.40164 12428.363
6.403542 12432.123
6.405445 12435.885
6.40735 12439.646
6.409256 12443.409
6.411164 12447.172
6.413073 12450.935
6.414984 12454.699
6.416897 12458.463
6.418812 12462.228
6.420728 12465.994
6.422645 12469.76
6.424565 12473.527
6.426485 12477.294
6.428408 12481.062
6.430332 12484.83
6.432258 12488.599
6.434186 12492.368
6.436115 12496.137
6.438046 12499.908
6.439978 12503.678
6.441912 12507.449
6.443848 12511.221
6.445785 12514.993
6.447725 12518.766
6.449665 12522.539
6.451608 12526.312
6.453552 12530.086
6.455498 12533.86
6.457446 12537.635
6.459395 12541.41
6.461346 12545.186
6.463299 12548.962
6.465253 12552.739
6.467209 12556.516
6.469167 12560.293
6.471126 12564.071
6.473088 12567.849
6.475051 12571.627
6.477015 12575.406
6.478982 12579.185
6.48095 12582.965
6.48292 12586.745
6.484892 12590.526
6.486865 12594.306
6.48884 12598.087
6.490817 12601.869
6.492796 12605.651
6.494776 12609.433
6.496758 12613.215
6.498742 12616.998
6.500728 12620.781
6.502715 12624.565
6.504705 12628.348
6.506696 12632.132
6.508689 12635.917
6.510683 12639.701
6.51268 12643.486
6.514678 12647.272
6.516678 12651.057
6.51868 12654.843
6.520684 12658.629
6.522689 12662.415
6.524696 12666.202
6.526706 12669.989
6.528716 12673.776
6.530729 12677.563
6.532744 12681.35
6.53476 12685.138
6.536779 12688.926
6.538799 12692.714
6.540821 12696.502
6.542845 12700.291
6.54487 12704.08
6.546898 12707.869
6.548927 12711.658
6.550959 12715.447
6.552992 12719.237
6.555027 12723.026
6.557064 12726.816
6.559103 12730.606
6.561143 12734.396
6.563186 12738.186
6.56523 12741.977
6.567277 12745.767
6.569325 12749.558
6.571375 12753.348
6.573428 12757.139
6.575482 12760.93
6.577538 12764.721
6.579595 12768.512
6.581655 12772.304
6.583717 12776.095
6.585781 12779.886
6.587847 12783.678
6.589914 12787.469
6.591984 12791.261
6.594055 12795.052
6.596129 12798.844
6.598204 12802.635
6.600282 12806.427
6.602361 12810.219
6.604442 12814.01
6.606526 12817.802
6.608611 12821.594
6.610699 12825.385
6.612788 12829.177
6.614879 12832.969
6.616973 12836.76
6.619068 12840.552
6.621165 12844.343
6.623265 12848.135
6.625366 12851.926
6.62747 12855.718
6.629575 12859.509
6.631683 12863.3
6.633792 12867.091
6.635904 12870.882
6.638017 12874.673
6.640133 12878.464
6.642251 12882.255
6.644371 12886.046
6.646493 12889.836
6.648617 12893.626
6.650743 12897.417
6.652871 12901.207
6.655001 12904.997
6.657134 12908.786
6.659268 12912.576
6.661405 12916.365
6.663543 12920.155
6.665684 12923.944
6.667827 12927.733
6.669972 12931.521
6.672119 12935.31
6.674268 12939.098
6.67642 12942.886
6.678573 12946.674
6.680729 12950.461
6.682887 12954.248
6.685047 12958.035
6.687209 12961.822
6.689373 12965.609
6.69154 12969.395
6.693708 12973.181
6.695879 12976.966
6.698052 12980.752
6.700227 12984.537
6.702405 12988.321
6.704584 12992.106
6.706766 12995.89
6.70895 12999.673
6.711136 13003.457
6.713325 13007.24
6.715516 13011.022
6.717709 13014.805
6.719904 13018.587
6.722101 13022.368
6.724301 13026.149
6.726503 13029.93
6.728707 13033.71
6.730913 13037.49
6.733122 13041.269
6.735333 13045.048
6.737546 13048.827
6.739762 13052.605
6.741979 13056.383
6.7442 13060.16
6.746422 13063.937
6.748647 13067.713
6.750874 13071.489
6.753103 13075.264
6.755335 13079.039
6.757569 13082.813
6.759805 13086.586
6.762044 13090.36
6.764285 13094.132
6.766528 13097.904
6.768774 13101.676
6.771022 13105.447
6.773272 13109.217
6.775525 13112.987
6.77778 13116.756
6.780038 13120.525
6.782298 13124.293
6.78456 13128.06
6.786825 13131.827
6.789092 13135.593
6.791362 13139.358
6.793634 13143.123
6.795908 13146.887
6.798185 13150.651
6.800464 13154.414
6.802746 13158.176
6.80503 13161.937
6.807317 13165.698
6.809606 13169.458
6.811897 13173.217
6.814191 13176.976
6.816488 13180.734
6.818787 13184.491
6.821088 13188.247
6.823392 13192.002
6.825699 13195.757
6.828008 13199.511
6.830319 13203.264
6.832633 13207.017
6.834949 13210.768
6.837268 13214.519
6.83959 13218.269
6.841914 13222.018
6.844241 13225.766
6.84657 13229.514
6.848902 13233.26
6.851236 13237.006
6.853573 13240.751
6.855913 13244.495
6.858255 13248.238
6.860599 13251.98
6.862947 13255.721
6.865296 13259.461
6.867649 13263.2
6.870004 13266.938
6.872362 13270.676
6.874722 13274.412
6.877085 13278.148
6.879451 13281.882
6.881819 13285.615
6.88419 13289.348
6.886564 13293.079
6.88894 13296.81
6.891319 13300.539
6.893701 13304.267
6.896085 13307.994
6.898472 13311.72
6.900862 13315.446
6.903254 13319.17
6.905649 13322.892
6.908047 13326.614
6.910448 13330.335
6.912851 13334.054
6.915257 13337.773
6.917666 13341.49
6.920078 13345.206
6.922492 13348.921
6.924909 13352.635
6.927329 13356.347
6.929752 13360.059
6.932177 13363.769
6.934606 13367.478
6.937037 13371.186
6.939471 13374.892
6.941907 13378.597
6.944347 13382.301
6.946789 13386.004
6.949235 13389.706
6.951683 13393.406
6.954134 13397.105
6.956588 13400.802
6.959044 13404.499
6.961504 13408.193
6.963966 13411.887
6.966432 13415.579
6.9689 13419.27
6.971371 13422.96
6.973845 13426.648
6.976322 13430.334
6.978802 13434.02
6.981285 13437.704
6.983771 13441.386
6.98626 13445.067
6.988752 13448.747
6.991246 13452.425
6.993744 13456.102
6.996245 13459.777
6.998748 13463.451
7.001255 13467.123
7.003765 13470.794
7.006277 13474.463
7.008793 13478.13
7.011312 13481.797
7.013834 13485.461
7.016359 13489.124
7.018886 13492.786
7.021417 13496.445
7.023952 13500.104
7.026489 13503.76
7.029029 13507.415
7.031572 13511.069
7.034119 13514.721
7.036668 13518.371
7.039221 13522.019
7.041777 13525.666
7.044335 13529.311
7.046898 13532.954
7.049463 13536.596
7.052031 13540.236
7.054603 13543.874
7.057177 13547.511
7.059755 13551.146
7.062337 13554.779
7.064921 13558.41
7.067508 13562.039
7.070099 13565.667
7.072693 13569.293
7.07529 13572.917
7.077891 13576.539
7.080495 13580.159
7.083102 13583.778
7.085712 13587.395
7.088325 13591.009
7.090942 13594.622
7.093562 13598.233
7.096186 13601.842
7.098813 13605.449
7.101443 13609.055
7.104076 13612.658
7.106713 13616.259
7.109353 13619.858
7.111997 13623.456
7.114644 13627.051
7.117294 13630.645
7.119948 13634.236
7.122605 13637.825
7.125265 13641.413
7.127929 13644.998
7.130596 13648.581
7.133267 13652.162
7.135941 13655.741
7.138619 13659.318
7.1413 13662.893
7.143985 13666.466
7.146673 13670.036
7.149365 13673.604
7.15206 13677.171
7.154758 13680.735
7.157461 13684.297
7.160166 13687.856
7.162875 13691.414
7.165588 13694.969
7.168305 13698.522
7.171025 13702.073
7.173748 13705.622
7.176475 13709.168
7.179206 13712.712
7.18194 13716.254
7.184678 13719.793
7.18742 13723.331
7.190165 13726.865
7.192914 13730.398
7.195667 13733.928
7.198423 13737.456
7.201183 13740.981
7.203946 13744.504
7.206714 13748.025
7.209485 13751.543
7.21226 13755.059
7.215038 13758.572
7.21782 13762.083
7.220606 13765.592
7.223396 13769.098
7.22619 13772.601
7.228987 13776.102
7.231788 13779.601
7.234593 13783.097
7.237402 13786.59
7.240215 13790.081
7.243031 13793.57
7.245852 13797.056
7.248676 13800.539
7.251504 13804.019
7.254336 13807.497
7.257172 13810.973
7.260012 13814.446
7.262856 13817.916
7.265703 13821.383
7.268555 13824.848
7.271411 13828.31
7.27427 13831.77
7.277134 13835.227
7.280002 13838.681
7.282873 13842.132
7.285749 13845.581
7.288628 13849.026
7.291512 13852.469
7.2944 13855.91
7.297292 13859.347
7.300188 13862.782
7.303088 13866.214
7.305992 13869.643
7.3089 13873.069
7.311812 13876.492
7.314729 13879.913
7.317649 13883.331
7.320574 13886.745
7.323503 13890.157
7.326436 13893.566
7.329374 13896.972
7.332315 13900.375
7.335261 13903.775
7.338211 13907.172
7.341165 13910.567
7.344124 13913.958
7.347087 13917.346
7.350054 13920.731
7.353025 13924.113
7.356001 13927.492
7.358981 13930.868
7.361966 13934.241
7.364954 13937.611
7.367948 13940.978
7.370945 13944.342
7.373947 13947.702
7.376953 13951.06
7.379964 13954.414
7.382979 13957.765
7.385999 13961.113
7.389023 13964.458
7.392052 13967.8
7.395085 13971.138
7.398123 13974.474
7.401165 13977.806
7.404211 13981.134
7.407263 13984.46
7.410318 13987.782
7.413379 13991.101
7.416444 13994.417
7.419513 13997.729
7.422587 14001.038
7.425666 14004.344
7.42875 14007.646
7.431838 14010.945
7.434931 14014.241
7.438028 14017.533
7.44113 14020.822
7.444237 14024.108
7.447349 14027.39
7.450465 14030.669
7.453587 14033.944
7.456712 14037.216
7.459843 14040.484
7.462979 14043.749
7.466119 14047.01
7.469264 14050.268
7.472415 14053.523
7.475569 14056.773
7.478729 14060.021
7.481894 14063.265
7.485064 14066.505
7.488238 14069.741
7.491418 14072.974
7.494602 14076.204
7.497792 14079.43
7.500987 14082.652
7.504186 14085.87
7.507391 14089.085
7.5106 14092.297
7.513815 14095.504
7.517035 14098.708
7.52026 14101.908
7.523489 14105.105
7.526725 14108.298
7.529965 14111.487
7.53321 14114.672
7.536461 14117.854
7.539717 14121.031
7.542978 14124.205
7.546244 14127.376
7.549515 14130.542
7.552792 14133.705
7.556074 14136.863
7.559362 14140.018
7.562654 14143.169
7.565952 14146.317
7.569256 14149.46
7.572564 14152.599
7.575878 14155.735
7.579198 14158.866
7.582523 14161.994
7.585853 14165.118
7.589189 14168.238
7.59253 14171.354
7.595877 14174.466
7.59923 14177.573
7.602587 14180.677
7.605951 14183.777
7.60932 14186.873
7.612695 14189.965
7.616075 14193.053
7.619461 14196.137
7.622852 14199.216
7.626249 14202.292
7.629652 14205.363
7.633061 14208.431
7.636475 14211.494
7.639895 14214.553
7.643321 14217.608
7.646752 14220.659
7.65019 14223.706
7.653633 14226.749
7.657082 14229.787
7.660537 14232.821
7.663998 14235.851
7.667465 14238.877
7.670937 14241.899
7.674416 14244.916
7.6779 14247.929
7.681391 14250.938
7.684888 14253.943
7.68839 14256.943
7.691899 14259.939
7.695414 14262.931
7.698934 14265.918
7.702461 14268.901
7.705994 14271.88
7.709534 14274.854
7.713079 14277.824
7.716631 14280.79
7.720188 14283.751
7.723753 14286.708
7.727323 14289.661
7.730899 14292.609
7.734482 14295.553
7.738072 14298.492
7.741667 14301.427
7.745269 14304.357
7.748878 14307.283
7.752493 14310.204
7.756114 14313.121
7.759742 14316.034
7.763376 14318.942
7.767017 14321.845
7.770664 14324.744
7.774318 14327.638
7.777979 14330.528
7.781646 14333.413
7.78532 14336.294
7.789 14339.17
7.792687 14342.042
7.796381 14344.909
7.800081 14347.771
7.803789 14350.629
7.807503 14353.482
7.811224 14356.33
7.814952 14359.174
7.818686 14362.013
7.822428 14364.848
7.826176 14367.677
7.829932 14370.502
7.833694 14373.323
7.837463 14376.139
7.841239 14378.95
7.845023 14381.756
7.848813 14384.558
7.852611 14387.354
7.856415 14390.146
7.860227 14392.934
7.864046 14395.716
7.867872 14398.494
7.871706 14401.267
7.875547 14404.035
7.879394 14406.798
7.88325 14409.557
7.887112 14412.311
7.890982 14415.06
7.89486 14417.804
7.898745 14420.543
7.902637 14423.277
7.906536 14426.007
7.910444 14428.731
7.914359 14431.451
7.918281 14434.166
7.922211 14436.876
7.926148 14439.581
7.930094 14442.281
7.934047 14444.976
7.938007 14447.666
7.941976 14450.352
7.945952 14453.032
7.949936 14455.707
7.953927 14458.378
7.957927 14461.043
7.961935 14463.703
7.96595 14466.359
7.969974 14469.009
7.974005 14471.655
7.978044 14474.295
7.982092 14476.931
7.986148 14479.561
7.990211 14482.186
7.994283 14484.807
7.998363 14487.422
8.002452 14490.032
8.006548 14492.637
8.010653 14495.237
8.014766 14497.832
8.018888 14500.422
8.023017 14503.007
8.027156 14505.586
8.031302 14508.161
8.035458 14510.73
8.039621 14513.295
8.043794 14515.854
8.047975 14518.408
8.052164 14520.957
8.056362 14523.5
8.060569 14526.039
8.064785 14528.572
8.069009 14531.1
8.073242 14533.623
8.077484 14536.141
8.081735 14538.654
8.085995 14541.161
8.090264 14543.664
8.094541 14546.161
8.098828 14548.653
8.103124 14551.139
8.107429 14553.621
8.111743 14556.097
8.116066 14558.568
8.120398 14561.033
8.12474 14563.494
8.129091 14565.949
8.133451 14568.399
8.137821 14570.843
8.1422 14573.283
8.146589 14575.717
8.150987 14578.146
8.155394 14580.569
8.159812 14582.987
8.164238 14585.4
8.168675 14587.808
8.173121 14590.21
8.177577 14592.607
8.182042 14594.999
8.186518 14597.385
8.191003 14599.766
8.195498 14602.142
8.200003 14604.512
8.204519 14606.877
8.209044 14609.237
8.213579 14611.591
8.218124 14613.94
8.22268 14616.283
8.227246 14618.622
8.231822 14620.954
8.236408 14623.282
8.241005 14625.604
8.245612 14627.921
8.250229 14630.232
8.254857 14632.538
8.259496 14634.838
8.264145 14637.134
8.268805 14639.423
8.273475 14641.708
8.278157 14643.987
8.282848 14646.26
8.287551 14648.528
8.292265 14650.791
8.296989 14653.048
8.301725 14655.3
8.306471 14657.547
8.311229 14659.788
8.315998 14662.023
8.320778 14664.253
8.325569 14666.478
8.330371 14668.697
8.335185 14670.911
8.34001 14673.12
8.344847 14675.323
8.349695 14677.52
8.354554 14679.712
8.359425 14681.899
8.364308 14684.08
8.369202 14686.256
8.374109 14688.426
8.379027 14690.591
8.383957 14692.75
8.388898 14694.904
8.393852 14697.052
8.398818 14699.195
8.403796 14701.333
8.408786 14703.465
8.413788 14705.591
8.418803 14707.712
8.42383 14709.828
8.428869 14711.938
8.433921 14714.042
8.438985 14716.142
8.444061 14718.235
8.449151 14720.323
8.454253 14722.406
8.459368 14724.483
8.464495 14726.555
8.469635 14728.621
8.474789 14730.682
8.479955 14732.738
8.485135 14734.787
8.490327 14736.832
8.495533 14738.871
8.500752 14740.904
8.505984 14742.932
8.51123 14744.954
8.516489 14746.971
8.521761 14748.983
8.527048 14750.989
8.532347 14752.989
8.537661 14754.984
8.542988 14756.974
8.54833 14758.958
8.553685 14760.937
8.559054 14762.91
8.564437 14764.877
8.569834 14766.84
8.575246 14768.796
8.580672 14770.748
8.586112 14772.693
8.591566 14774.634
8.597036 14776.568
8.602519 14778.498
8.608018 14780.422
8.613531 14782.34
8.619058 14784.253
8.624601 14786.16
8.630159 14788.062
8.635732 14789.959
8.64132 14791.85
8.646923 14793.736
8.652541 14795.616
8.658175 14797.491
8.663824 14799.36
8.669488 14801.224
8.675169 14803.082
8.680865 14804.935
8.686576 14806.783
8.692304 14808.625
8.698047 14810.462
8.703807 14812.293
8.709582 14814.119
8.715374 14815.939
8.721182 14817.754
8.727007 14819.564
8.732847 14821.368
8.738705 14823.167
8.744579 14824.96
8.75047 14826.748
8.756377 14828.531
8.762302 14830.308
8.768244 14832.08
8.774202 14833.846
8.780178 14835.607
8.786171 14837.362
8.792182 14839.113
8.79821 14840.858
8.804255 14842.597
8.810318 14844.331
8.8164 14846.06
8.822498 14847.783
8.828615 14849.501
8.83475 14851.214
8.840903 14852.921
8.847075 14854.623
8.853265 14856.32
8.859473 14858.011
8.8657 14859.697
8.871946 14861.378
8.87821 14863.053
8.884494 14864.724
8.890796 14866.388
8.897118 14868.048
8.903458 14869.702
8.909819 14871.351
8.916198 14872.994
8.922597 14874.633
8.929016 14876.266
8.935455 14877.894
8.941914 14879.516
8.948393 14881.133
8.954892 14882.745
8.961411 14884.352
8.967951 14885.954
8.974511 14887.55
8.981092 14889.141
8.987694 14890.727
8.994317 14892.308
9.00096 14893.883
9.007625 14895.453
9.014312 14897.018
9.021019 14898.578
9.027748 14900.133
9.034499 14901.682
9.041272 14903.227
9.048067 14904.766
9.054884 14906.3
9.061723 14907.829
9.068584 14909.353
9.075468 14910.871
9.082375 14912.385
9.089304 14913.893
9.096256 14915.396
9.103232 14916.895
9.11023 14918.388
9.117252 14919.876
9.124298 14921.359
9.131367 14922.836
9.13846 14924.309
9.145577 14925.777
9.152719 14927.24
9.159884 14928.697
9.167074 14930.15
9.174289 14931.597
9.181528 14933.04
9.188792 14934.477
9.196082 14935.91
9.203397 14937.338
9.210737 14938.76
9.218102 14940.178
9.225494 14941.59
9.232911 14942.998
9.240355 14944.401
9.247824 14945.799
9.255321 14947.191
9.262843 14948.579
9.270393 14949.962
9.27797 14951.34
9.285574 14952.714
9.293205 14954.082
9.300864 14955.446
9.30855 14956.804
9.316265 14958.158
9.324008 14959.507
9.331778 14960.851
9.339578 14962.19
9.347406 14963.524
9.355263 14964.854
9.363149 14966.179
9.371065 14967.499
9.37901 14968.814
9.386985 14970.124
9.39499 14971.43
9.403024 14972.731
9.41109 14974.027
9.419186 14975.319
9.427312 14976.606
9.43547 14977.888
9.443659 14979.165
9.45188 14980.438
9.460132 14981.706
9.468416 14982.969
9.476732 14984.227
9.485081 14985.481
9.493462 14986.731
9.501877 14987.976
9.510324 14989.216
9.518805 14990.451
9.527319 14991.682
9.535868 14992.908
9.54445 14994.13
9.553067 14995.347
9.561719 14996.56
9.570405 14997.768
9.579127 14998.972
9.587884 15000.171
9.596677 15001.365
9.605506 15002.555
9.614371 15003.741
9.623273 15004.922
9.632211 15006.099
9.641187 15007.271
9.6502 15008.439
9.659251 15009.602
9.66834 15010.761
9.677467 15011.916
9.686633 15013.066
9.695837 15014.211
9.705081 15015.353
9.714365 15016.49
9.723688 15017.623
9.733052 15018.751
9.742456 15019.875
9.751901 15020.995
9.761387 15022.11
9.770915 15023.221
9.780484 15024.328
9.790096 15025.431
9.799751 15026.529
9.809448 15027.624
9.819188 15028.714
9.828972 15029.799
9.838801 15030.881
9.848673 15031.958
9.858591 15033.032
9.868553 15034.101
9.878561 15035.166
9.888615 15036.226
9.898715 15037.283
9.908862 15038.336
9.919056 15039.384
9.929297 15040.429
9.939587 15041.469
9.949924 15042.505
9.960311 15043.537
9.970747 15044.566
9.981232 15045.59
9.991768 15046.61
10.002354 15047.626
10.012991 15048.639
10.023679 15049.647
10.03442 15050.651
10.045213 15051.652
10.056058 15052.648
10.066958 15053.641
10.07791 15054.629
10.088918 15055.614
10.09998 15056.595
10.111097 15057.572
10.122271 15058.546
10.1335 15059.515
10.144787 15060.481
10.156131 15061.443
10.167534 15062.401
10.178994 15063.355
10.190514 15064.306
10.202094 15065.252
10.213734 15066.195
10.225435 15067.135
10.237197 15068.07
10.249022 15069.002
10.260909 15069.931
10.272859 15070.855
10.284873 15071.776
10.296952 15072.694
10.309096 15073.608
10.321306 15074.518
10.333583 15075.424
10.345927 15076.327
10.358338 15077.227
10.370819 15078.123
10.383368 15079.015
10.395988 15079.904
10.408679 15080.789
10.42144 15081.671
10.434275 15082.55
10.447182 15083.424
10.460163 15084.296
10.473219 15085.164
10.486349 15086.029
10.499557 15086.89
10.512841 15087.748
10.526203 15088.602
10.539644 15089.454
10.553164 15090.301
10.566765 15091.146
10.580447 15091.987
10.594211 15092.825
10.608058 15093.66
10.62199 15094.491
10.636006 15095.319
10.650109 15096.144
10.664298 15096.965
10.678576 15097.784
10.692942 15098.599
10.707399 15099.411
10.721946 15100.22
10.736586 15101.026
10.751319 15101.828
10.766146 15102.628
10.781069 15103.424
10.796089 15104.217
10.811206 15105.007
10.826422 15105.794
10.841738 15106.578
10.857155 15107.36
10.872676 15108.138
10.8883 15108.912
10.904029 15109.684
10.919864 15110.454
10.935808 15111.22
10.95186 15111.983
10.968024 15112.743
10.984299 15113.5
11.000687 15114.254
11.017191 15115.006
11.033811 15115.755
11.050549 15116.5
11.067406 15117.243
11.084384 15117.983
11.101485 15118.72
11.11871 15119.455
11.136061 15120.186
11.15354 15120.915
11.171148 15121.641
11.188887 15122.365
11.20676 15123.085
11.224767 15123.803
11.242911 15124.518
11.261193 15125.231
11.279616 15125.941
11.298182 15126.648
11.316892 15127.352
11.33575 15128.054
11.354755 15128.753
11.373912 15129.45
11.393223 15130.144
11.412688 15130.835
11.432312 15131.524
11.452096 15132.21
11.472042 15132.894
11.492154 15133.575
11.512433 15134.253
11.532882 15134.93
11.553504 15135.603
11.574302 15136.274
11.595278 15136.943
11.616435 15137.609
11.637777 15138.273
11.659305 15138.934
11.681023 15139.593
11.702934 15140.249
11.725042 15140.903
11.747349 15141.555
11.769859 15142.204
11.792575 15142.851
11.815501 15143.495
11.838641 15144.137
11.861997 15144.777
11.885574 15145.414
11.909376 15146.049
11.933406 15146.682
11.957669 15147.312
11.982168 15147.94
12.006909 15148.566
12.031895 15149.19
12.057131 15149.811
12.082621 15150.43
12.108371 15151.046
12.134385 15151.661
12.160668 15152.273
12.187225 15152.883
12.214061 15153.49
12.241183 15154.096
12.268595 15154.699
12.296303 15155.3
12.324314 15155.898
12.352633 15156.495
12.381266 15157.089
12.41022 15157.681
12.439501 15158.27
12.469118 15158.858
12.499075 15159.443
12.529381 15160.026
12.560043 15160.606
12.59107 15161.185
12.622468 15161.761
12.654246 15162.335
12.686412 15162.907
12.718976 15163.476
12.751946 15164.044
12.785332 15164.609
12.819143 15165.171
12.853389 15165.732
12.888081 15166.29
12.92323 15166.846
12.958845 15167.399
12.99494 15167.95
13.031525 15168.499
13.068613 15169.045
13.106217 15169.589
13.144349 15170.131
13.183025 15170.67
13.222257 15171.207
13.26206 15171.741
13.302451 15172.273
13.343444 15172.803
13.385057 15173.329
13.427307 15173.854
13.470211 15174.375
13.513788 15174.894
13.558059 15175.411
13.603042 15175.924
13.64876 15176.435
13.695234 15176.944
13.742487 15177.449
13.790544 15177.951
13.839429 15178.451
13.889169 15178.948
13.939792 15179.441
13.991326 15179.932
14.043802 15180.419
14.097251 15180.904
14.151707 15181.385
14.207204 15181.863
14.26378 15182.337
14.321473 15182.808
14.380323 15183.275
14.440374 15183.739
14.50167 15184.199
14.56426 15184.656
14.628193 15185.108
14.693523 15185.557
14.760306 15186.001
14.828603 15186.442
14.898476 15186.878
14.969992 15187.309
15.043223 15187.736
15.118245 15188.159
15.195138 15188.577
15.27399 15188.99
15.354892 15189.397
15.437944 15189.8
15.52325 15190.197
15.610924 15190.589
15.701088 15190.975
15.793872 15191.356
15.889419 15191.73
15.98788 15192.098
16.08942 15192.46
16.194219 15192.815
16.30247 15193.164
16.414385 15193.505
16.530194 15193.839
16.650149 15194.166
16.774527 15194.485
16.903632 15194.796
17.037798 15195.099
17.177397 15195.393
17.322838 15195.679
17.474579 15195.955
17.633132 15196.223
17.799069 15196.481
17.973036 15196.729
18.155763 15196.967
18.34808 15197.194
18.550936 15197.411
18.765422 15197.617
18.992801 15197.811
19.234541 15197.994
19.492368 15198.166
19.768322 15198.325
20.064843 15198.472
20.384871 15198.607
20.731996 15198.729
21.110662 15198.839
21.526442 15198.937
21.986461 15199.022
