# R (a.u.)   X(1)1Sigma+          A(2)1Sigma+         (3)1Sigma+         (4)1Sigma+           (5)1Sigma+         (6)1Sigma+          (7)1Sigma+           (1)1Pi             (2)1Pi              (3)1Pi              (4)1Pi               (5)1Pi
     5.000   -0.4199314706E+00    0.3598900000E+01    0.1474800000E+01   -0.8530000000E-01    0.2799000000E+00   -0.2077000000E+00   -0.2344000000E+00    0.8762000000E+00   -0.3563900000E+01   -0.4808000000E+00   -0.3892000000E+00    0.3056000000E+00
     5.100   -0.4279827132E+00    0.3598318864E+01    0.1563622875E+01   -0.2674457610E-01    0.2673513139E+00   -0.1495506161E+00   -0.2560419529E+00    0.1074379884E+01   -0.3501578635E+01   -0.5366957204E+00   -0.4039101658E+00    0.2913427384E+00
     5.200   -0.4336747967E+00    0.3610900000E+01    0.1616300000E+01    0.3000000000E-01    0.2590000000E+00   -0.9820000000E-01   -0.2776000000E+00    0.1275700000E+01   -0.3425200000E+01   -0.5951000000E+00   -0.4122000000E+00    0.2738000000E+00
     5.300   -0.4375000000E+00    0.3637958562E+01    0.1632543918E+01    0.3984889439E-01    0.2584286175E+00   -0.4666407790E-01   -0.2988642852E+00    0.1479571912E+01   -0.3331018020E+01   -0.6544058280E+00   -0.4137176259E+00    0.2520332152E+00
     5.400   -0.4399084059E+00    0.3678000000E+01    0.1614700000E+01    0.3290000000E-01    0.1909000000E+00   -0.1720000000E-01   -0.3198000000E+00    0.1685500000E+01   -0.3217900000E+01   -0.7128000000E+00   -0.4085000000E+00    0.2052000000E+00
     5.500   -0.4411813128E+00    0.3728471887E+01    0.1566226451E+01    0.4937399852E-01    0.7796716203E-02   -0.3266807225E-01   -0.3387009062E+00    0.1892757468E+01   -0.3085224285E+01   -0.7684809676E+00   -0.3967318306E+00    0.1304244009E+00
     5.600   -0.4415578233E+00    0.3785400000E+01    0.1492400000E+01    0.9480000000E-01   -0.1567000000E+00   -0.8910000000E-01   -0.3470000000E+00    0.2099600000E+01   -0.2931800000E+01   -0.8199000000E+00   -0.3788000000E+00    0.1166000000E+00
     5.700   -0.4412770397E+00    0.3844603888E+01    0.1399200276E+01    0.1637551115E+00   -0.1735404823E+00   -0.1737261331E+00   -0.3350945900E+00    0.2303660718E+01   -0.2756747340E+01   -0.8656953016E+00   -0.3552300518E+00    0.2321691811E+00
     5.800   -0.4405780645E+00    0.3902500000E+01    0.1293600000E+01    0.2417000000E+00   -0.1170000000E+00   -0.2654000000E+00   -0.2961000000E+00    0.2501100000E+01   -0.2561000000E+01   -0.9050000000E+00   -0.3269000000E+00    0.3720000000E+00
     5.900   -0.4397000000E+00    0.3956050059E+01    0.1182597443E+01    0.3149805554E+00   -0.8532228708E-01   -0.3443273953E+00   -0.2305832339E+00    0.2687674662E+01   -0.2346461354E+01   -0.9371628260E+00   -0.2946104622E+00    0.4247738746E+00
     6.000   -0.4388615721E+00    0.4003800000E+01    0.1072300000E+01    0.3826000000E+00   -0.6930000000E-01   -0.4045000000E+00   -0.1662000000E+00    0.2859000000E+01   -0.2117100000E+01   -0.9619000000E+00   -0.2585000000E+00    0.4280000000E+00
     6.100   -0.4382000000E+00    0.4045008376E+01    0.9680599519E+00    0.4460601667E+00   -0.4273286939E-01   -0.4451267855E+00   -0.1304474745E+00    0.3011153135E+01   -0.1877907245E+01   -0.9790158944E+00   -0.2191780994E+00    0.4409728204E+00
     6.200   -0.4378102771E+00    0.4080200000E+01    0.8731000000E+00    0.5042000000E+00   -0.1890000000E-01   -0.4725000000E+00   -0.1231000000E+00    0.3142200000E+01   -0.1635900000E+01   -0.9883000000E+00   -0.1798000000E+00    0.4613000000E+00
     6.300   -0.4377000000E+00    0.4110228936E+01    0.7896877494E+00    0.5555162776E+00   -0.1545873536E-01   -0.4932279625E+00   -0.1368768681E+00    0.3251300300E+01   -0.1397347166E+01   -0.9894985965E+00   -0.1417271401E+00    0.4750348437E+00
     6.400   -0.4378723197E+00    0.4136000000E+01    0.7184000000E+00    0.5998000000E+00   -0.2810000000E-01   -0.5081000000E+00   -0.1640000000E+00    0.3340000000E+01   -0.1163500000E+01   -0.9822000000E+00   -0.9660000000E-01    0.4837000000E+00
     6.500   -0.4384000000E+00    0.4158513378E+01    0.6591890504E+00    0.6372997227E+00   -0.4768218918E-01   -0.5168238644E+00   -0.1973450532E+00    0.3410558167E+01   -0.9375790906E+00   -0.9659522197E+00   -0.3930084007E-01    0.4915253048E+00
     6.600   -0.4393504443E+00    0.4179100000E+01    0.6112000000E+00    0.6688000000E+00   -0.6770000000E-01   -0.5206000000E+00   -0.2329000000E+00    0.3465700000E+01   -0.7357000000E+00   -0.9403000000E+00    0.1260000000E-01    0.4981000000E+00
     6.700   -0.4407000000E+00    0.4198955051E+01    0.5733310491E+00    0.6951223315E+00   -0.8358750791E-01   -0.5206890799E+00   -0.2679429192E+00    0.3508217031E+01   -0.5632364717E+00   -0.9049425246E+00    0.4348050040E-01    0.5022514371E+00
     6.800   -0.4424009033E+00    0.4218400000E+01    0.5443000000E+00    0.7167000000E+00   -0.9590000000E-01   -0.5171000000E+00   -0.3018000000E+00    0.3540700000E+01   -0.3697000000E+00   -0.8602000000E+00    0.6820000000E-01    0.5044000000E+00
     6.900   -0.4444000000E+00    0.4237603917E+01    0.5228117532E+00    0.7339359511E+00   -0.1060927792E+00   -0.5097573161E+00   -0.3342207701E+00    0.3565523708E+01   -0.1235875227E+00   -0.8068151820E+00    0.1036163385E+00    0.5052314468E+00
     7.000   -0.4466584426E+00    0.4257000000E+01    0.5077000000E+00    0.7475000000E+00   -0.1141000000E+00   -0.4995000000E+00   -0.3646000000E+00    0.3584400000E+01    0.7480000000E-01   -0.7466000000E+00    0.1441000000E+00    0.5049000000E+00
     7.100   -0.4492000000E+00    0.4276991783E+01    0.4978844379E+00    0.7580963639E+00   -0.1196038754E+00   -0.4872441556E+00   -0.3923865006E+00    0.3598763137E+01    0.1367865625E+00   -0.6816467474E+00    0.1807541458E+00    0.5034477757E+00
     7.200   -0.4520403263E+00    0.4297600000E+01    0.4925000000E+00    0.7663000000E+00   -0.1228000000E+00   -0.4733000000E+00   -0.4176000000E+00    0.3609600000E+01    0.1520000000E+00   -0.6141000000E+00    0.2141000000E+00    0.5010000000E+00
     7.300   -0.4551000000E+00    0.4318778953E+01    0.4907629950E+00    0.7726285932E+00   -0.1239667193E+00   -0.4578535614E+00   -0.4403957275E+00    0.3617748743E+01    0.2225787729E+00   -0.5460478283E+00    0.2464045785E+00    0.4977274503E+00
     7.400   -0.4582927523E+00    0.4340600000E+01    0.4920000000E+00    0.7775000000E+00   -0.1232000000E+00   -0.4412000000E+00   -0.4609000000E+00    0.3623900000E+01    0.3224000000E+00   -0.4793000000E+00    0.2775000000E+00    0.4939000000E+00
     7.500   -0.4616000000E+00    0.4363130676E+01    0.4956218624E+00    0.7812856861E+00   -0.1205579301E+00   -0.4236248310E+00   -0.4792259011E+00    0.3628629318E+01    0.4043341350E+00   -0.4153473950E+00    0.3067478154E+00    0.4897961382E+00
     7.600   -0.4650136644E+00    0.4386306167E+01    0.5012662415E+00    0.7842713828E+00   -0.1161294616E+00   -0.4052658577E+00   -0.4954624952E+00    0.3632199415E+01    0.4654863111E+00   -0.3546836461E+00    0.3340621997E+00    0.4856297199E+00
     7.700   -0.4685000000E+00    0.4410028575E+01    0.5086274999E+00    0.7867213882E+00   -0.1100112622E+00   -0.3862239555E+00   -0.5096928417E+00    0.3634794805E+01    0.5140203317E+00   -0.2975530741E+00    0.3594954842E+00    0.4815984417E+00
     7.800   -0.4720150901E+00    0.4434200000E+01    0.5174000000E+00    0.7889000000E+00   -0.1023000000E+00   -0.3666000000E+00   -0.5220000000E+00    0.3636600000E+01    0.5581000000E+00   -0.2442000000E+00    0.3831000000E+00    0.4779000000E+00
     7.900   -0.4755000000E+00    0.4458747754E+01    0.5273335824E+00    0.7910089868E+00   -0.9309422297E-01   -0.3465186877E+00   -0.5325074059E+00    0.3637777280E+01    0.6039701827E+00   -0.1948932910E+00    0.4049240721E+00    0.4747330399E+00
     8.000   -0.4789009753E+00    0.4483700000E+01    0.5384000000E+00    0.7930000000E+00   -0.8250000000E-01   -0.3262000000E+00   -0.5415000000E+00    0.3638400000E+01    0.6502000000E+00   -0.1500000000E+00    0.4250000000E+00    0.4723000000E+00
     8.100   -0.4822000000E+00    0.4509068679E+01    0.5505839507E+00    0.7948265874E+00   -0.7064052859E-01   -0.3057970260E+00   -0.5492853467E+00    0.3638496002E+01    0.6943222265E+00   -0.1093217177E+00    0.4433660025E+00    0.4707856138E+00
     8.200   -0.4853810087E+00    0.4534700000E+01    0.5637000000E+00    0.7967000000E+00   -0.5770000000E-01   -0.2851000000E+00   -0.5561000000E+00    0.3638000000E+01    0.7374000000E+00   -0.7030000000E-01    0.4601000000E+00    0.4703000000E+00
     8.300   -0.4884000000E+00    0.4560427530E+01    0.5775806149E+00    0.7987971636E+00   -0.4386866267E-01   -0.2639307085E+00   -0.5620762074E+00    0.3636826213E+01    0.7810784114E+00   -0.3128233808E-01    0.4752744180E+00    0.4709120049E+00
     8.400   -0.4912124898E+00    0.4586200000E+01    0.5923000000E+00    0.8009000000E+00   -0.2930000000E-01   -0.2426000000E+00   -0.5670000000E+00    0.3634900000E+01    0.8258000000E+00    0.3400000000E-02    0.4889000000E+00    0.4726000000E+00
     8.500   -0.4938000000E+00    0.4611971199E+01    0.6079560897E+00    0.8027722582E+00   -0.1413482074E-01   -0.2214551401E+00   -0.5706723239E+00    0.3632136645E+01    0.8717891278E+00    0.2993857007E-01    0.5009863255E+00    0.4753413665E+00
     8.600   -0.4961440319E+00    0.4637600000E+01    0.6245000000E+00    0.8045000000E+00    0.1500000000E-02   -0.2005000000E+00   -0.5733000000E+00    0.3628400000E+01    0.9196000000E+00    0.5260000000E-01    0.5116000000E+00    0.4792000000E+00
     8.700   -0.4982000000E+00    0.4662937672E+01    0.6418450262E+00    0.8062263034E+00    0.1745794564E-01   -0.1796862310E+00   -0.5751344972E+00    0.3623527208E+01    0.9698150773E+00    0.7616555781E-01    0.5208177801E+00    0.4842100290E+00
     8.800   -0.4999238824E+00    0.4687900000E+01    0.6599000000E+00    0.8080000000E+00    0.3350000000E-01   -0.1591000000E+00   -0.5762000000E+00    0.3617300000E+01    0.1022800000E+01    0.9940000000E-01    0.5287000000E+00    0.4902000000E+00
     8.900   -0.5013000000E+00    0.4712428112E+01    0.6786138056E+00    0.8098350280E+00    0.4941553817E-01   -0.1387749357E+00   -0.5765021873E+00    0.3609479525E+01    0.1078875563E+01    0.1201741987E+00    0.5353175542E+00    0.4969810176E+00
     9.000   -0.5023104383E+00    0.4736500000E+01    0.6981000000E+00    0.8117000000E+00    0.6520000000E-01   -0.1184000000E+00   -0.5762000000E+00    0.3599800000E+01    0.1138400000E+01    0.1388000000E+00    0.5408000000E+00    0.5045000000E+00
     9.100   -0.5029000000E+00    0.4760074880E+01    0.7184622513E+00    0.8135585846E+00    0.8086740170E-01   -0.9802652605E-01   -0.5754442534E+00    0.3587979692E+01    0.1201707671E+01    0.1560376474E+00    0.5452620032E+00    0.5127159005E+00
     9.200   -0.5030218644E+00    0.4783000000E+01    0.7396000000E+00    0.8154000000E+00    0.9630000000E-01   -0.7950000000E-01   -0.5742000000E+00    0.3573700000E+01    0.1269000000E+01    0.1720000000E+00    0.5487000000E+00    0.5215000000E+00
     9.300   -0.5027000000E+00    0.4805109868E+01    0.7614121892E+00    0.8172431337E+00    0.1113898551E+00   -0.6335646008E-01   -0.5724082990E+00    0.3556626707E+01    0.1340468753E+01    0.1866877117E+00    0.5511094329E+00    0.5306803804E+00
     9.400   -0.5019521041E+00    0.4826300000E+01    0.7840000000E+00    0.8192000000E+00    0.1262000000E+00   -0.4310000000E-01   -0.5701000000E+00    0.3536400000E+01    0.1416400000E+01    0.2003000000E+00    0.5526000000E+00    0.5400000000E+00
     9.500   -0.5007000000E+00    0.4846485648E+01    0.8074639920E+00    0.8213813805E+00    0.1408231781E+00   -0.1466013362E-01   -0.5673225505E+00    0.3512650981E+01    0.1497004818E+01    0.2130490056E+00    0.5533002650E+00    0.5492250780E+00
     9.600   -0.4988697191E+00    0.4865600000E+01    0.8317000000E+00    0.8238000000E+00    0.1553000000E+00    0.9300000000E-02   -0.5641000000E+00    0.3485000000E+01    0.1582100000E+01    0.2250000000E+00    0.5533000000E+00    0.5583000000E+00
     9.700   -0.4965000000E+00    0.4883572541E+01    0.8565943427E+00    0.8264438441E+00    0.1696674326E+00    0.1749699456E-01   -0.5604514990E+00    0.3453081868E+01    0.1671399475E+01    0.2362037657E+00    0.5526770070E+00    0.5671818078E+00
     9.800   -0.4936315196E+00    0.4900300000E+01    0.8822000000E+00    0.8293000000E+00    0.1840000000E+00    0.2090000000E-01   -0.5564000000E+00    0.3416600000E+01    0.1764600000E+01    0.2468000000E+00    0.5515000000E+00    0.5757000000E+00
     9.900   -0.4902000000E+00    0.4915674190E+01    0.9085711373E+00    0.8323682429E+00    0.1983695915E+00    0.3190965538E-01   -0.5519714536E+00    0.3375321545E+01    0.1861309781E+01    0.2569234317E+00    0.5498292070E+00    0.5836851910E+00
    10.000   -0.4861417026E+00    0.4929600000E+01    0.9356000000E+00    0.8357000000E+00    0.2128000000E+00    0.4640000000E-01   -0.5472000000E+00    0.3329200000E+01    0.1960800000E+01    0.2666000000E+00    0.5477000000E+00    0.5911000000E+00
    10.100   -0.4815000000E+00    0.4941993199E+01    0.9631711081E+00    0.8393456843E+00    0.2273292014E+00    0.5783938391E-01   -0.5421001867E+00    0.3278281950E+01    0.2062223902E+01    0.2758525077E+00    0.5451436651E+00    0.5979149283E+00
    10.200   -0.4763266699E+00    0.4952800000E+01    0.9913000000E+00    0.8433000000E+00    0.2421000000E+00    0.6660000000E-01   -0.5366000000E+00    0.3222800000E+01    0.2164600000E+01    0.2848000000E+00    0.5422000000E+00    0.6040000000E+00
    10.300   -0.4706000000E+00    0.4961978013E+01    0.1020006930E+01    0.8475365201E+00    0.2571886030E+00    0.7428280897E-01   -0.5306527997E+00    0.3163100656E+01    0.2266907111E+01    0.2935540375E+00    0.5389086327E+00    0.6092550957E+00
    10.400   -0.4642891176E+00    0.4969500000E+01    0.1049200000E+01    0.8520000000E+00    0.2723000000E+00    0.8050000000E-01   -0.5244000000E+00    0.3099800000E+01    0.2368100000E+01    0.3021000000E+00    0.5353000000E+00    0.6138000000E+00
    10.500   -0.4574000000E+00    0.4975294749E+01    0.1078776171E+01    0.8566832354E+00    0.2872538866E+00    0.8466688021E-01   -0.5178886143E+00    0.3033627928E+01    0.2467147654E+01    0.3104313423E+00    0.5313593041E+00    0.6176771889E+00
    10.600   -0.4499543596E+00    0.4979100000E+01    0.1108700000E+01    0.8618000000E+00    0.3027000000E+00    0.8740000000E-01   -0.5106000000E+00    0.2965500000E+01    0.2563100000E+01    0.3187000000E+00    0.5269000000E+00    0.6204000000E+00
    10.700   -0.4420000000E+00    0.4980742989E+01    0.1138925887E+01    0.8675055382E+00    0.3191333505E+00    0.8932467019E-01   -0.5021552429E+00    0.2896337632E+01    0.2655077273E+01    0.3270330933E+00    0.5218041510E+00    0.6216111489E+00
    10.800   -0.4335809442E+00    0.4980600000E+01    0.1169300000E+01    0.8735000000E+00    0.3356000000E+00    0.8990000000E-01   -0.4933000000E+00    0.2826900000E+01    0.2742400000E+01    0.3353000000E+00    0.5164000000E+00    0.6220000000E+00
    10.900   -0.4247000000E+00    0.4979045793E+01    0.1199670281E+01    0.8794696119E+00    0.3511002115E+00    0.8857193902E-01   -0.4847779140E+00    0.2757934043E+01    0.2824530754E+01    0.3433612846E+00    0.5109990920E+00    0.6222657156E+00
    11.000   -0.4153593638E+00    0.4975900000E+01    0.1230000000E+01    0.8855000000E+00    0.3659000000E+00    0.8590000000E-01   -0.4762000000E+00    0.2690300000E+01    0.2901300000E+01    0.3513000000E+00    0.5054000000E+00    0.6221000000E+00
    11.100   -0.4056000000E+00    0.4970911339E+01    0.1260255490E+01    0.8917410143E+00    0.3804533035E+00    0.8261257374E-01   -0.4669956010E+00    0.2624801196E+01    0.2972662211E+01    0.3592217683E+00    0.4993369810E+00    0.6210634888E+00
    11.200   -0.3954691006E+00    0.4964100000E+01    0.1290300000E+01    0.8982000000E+00    0.3947000000E+00    0.7900000000E-01   -0.4570000000E+00    0.2561900000E+01    0.3038700000E+01    0.3671000000E+00    0.4928000000E+00    0.6192000000E+00
    11.300   -0.3850000000E+00    0.4955558850E+01    0.1320007760E+01    0.9048413311E+00    0.4084115744E+00    0.7524026602E-01   -0.4462021820E+00    0.2501948672E+01    0.3099545404E+01    0.3748891423E+00    0.4858529840E+00    0.6166803292E+00
    11.400   -0.3742267337E+00    0.4945400000E+01    0.1349400000E+01    0.9116000000E+00    0.4212000000E+00    0.7150000000E-01   -0.4348000000E+00    0.2445200000E+01    0.3155400000E+01    0.3826000000E+00    0.4786000000E+00    0.6137000000E+00
    11.500   -0.3632000000E+00    0.4933715760E+01    0.1378475971E+01    0.9184186615E+00    0.4328253988E+00    0.6797636218E-01   -0.4229081709E+00    0.2391854114E+01    0.3206518674E+01    0.3902466627E+00    0.4711010830E+00    0.6103776943E+00
    11.600   -0.3519739645E+00    0.4920500000E+01    0.1407000000E+01    0.9253000000E+00    0.4438000000E+00    0.6500000000E-01   -0.4101000000E+00    0.2342000000E+01    0.3253300000E+01    0.3978000000E+00    0.4632000000E+00    0.6065000000E+00
    11.700   -0.3406000000E+00    0.4905740611E+01    0.1434725855E+01    0.9322465228E+00    0.4547118304E+00    0.6287928526E-01   -0.3958901343E+00    0.2295684872E+01    0.3296154900E+01    0.4052242069E+00    0.4547176839E+00    0.6018463937E+00
    11.800   -0.3291274081E+00    0.4889500000E+01    0.1461600000E+01    0.9392000000E+00    0.4657000000E+00    0.6170000000E-01   -0.3801000000E+00    0.2252900000E+01    0.3335400000E+01    0.4125000000E+00    0.4456000000E+00    0.5965000000E+00
    11.900   -0.3176000000E+00    0.4871884298E+01    0.1487620609E+01    0.9460952471E+00    0.4766772795E+00    0.6149399676E-01   -0.3626937917E+00    0.2213581398E+01    0.3371311727E+01    0.4196065095E+00    0.4358781815E+00    0.5906367308E+00
    12.000   -0.3060539031E+00    0.4853100000E+01    0.1512800000E+01    0.9529000000E+00    0.4871000000E+00    0.6230000000E-01   -0.3439000000E+00    0.2177500000E+01    0.3404100000E+01    0.4265000000E+00    0.4258000000E+00    0.5845000000E+00
    12.100   -0.2945000000E+00    0.4833347197E+01    0.1537129209E+01    0.9595849886E+00    0.4965040518E+00    0.6416972768E-01   -0.3239096988E+00    0.2144414536E+01    0.3433985691E+01    0.4331372550E+00    0.4155820900E+00    0.5782816831E+00
    12.200   -0.2829569797E+00    0.4812700000E+01    0.1560500000E+01    0.9661000000E+00    0.5052000000E+00    0.6720000000E-01   -0.3025000000E+00    0.2114200000E+01    0.3461300000E+01    0.4395000000E+00    0.4051000000E+00    0.5719000000E+00
    12.300   -0.2715000000E+00    0.4791214414E+01    0.1582800056E+01    0.9724022985E+00    0.5135940135E+00    0.7147709252E-01   -0.2794299132E+00    0.2086747958E+01    0.3486358008E+01    0.4455694706E+00    0.3942059585E+00    0.5652490368E+00
    12.400   -0.2602056783E+00    0.4769000000E+01    0.1604000000E+01    0.9785000000E+00    0.5217000000E+00    0.7700000000E-01   -0.2548000000E+00    0.2061900000E+01    0.3509300000E+01    0.4513000000E+00    0.3830000000E+00    0.5584000000E+00
    12.500   -0.2491000000E+00    0.4746182648E+01    0.1624095567E+01    0.9843933172E+00    0.5294448941E+00    0.8375940225E-01   -0.2288331484E+00    0.2039493632E+01    0.3530244775E+01    0.4566473628E+00    0.3716190761E+00    0.5514471696E+00
    12.600   -0.2381953073E+00    0.4722900000E+01    0.1643100000E+01    0.9900000000E+00    0.5368000000E+00    0.9180000000E-01   -0.2019000000E+00    0.2019400000E+01    0.3549400000E+01    0.4616000000E+00    0.3601000000E+00    0.5444000000E+00
    12.700   -0.2275000000E+00    0.4699279995E+01    0.1661017677E+01    0.9952369325E+00    0.5437514101E+00    0.1011477985E+00   -0.1743999930E+00    0.2001490014E+01    0.3566975391E+01    0.4661535783E+00    0.3484552370E+00    0.5372497848E+00
    12.800   -0.2170255925E+00    0.4675400000E+01    0.1677800000E+01    0.1000100000E+01    0.5503000000E+00    0.1117000000E+00   -0.1467000000E+00    0.1985600000E+01    0.3583100000E+01    0.4703000000E+00    0.3367000000E+00    0.5300000000E+00
    12.900   -0.2068000000E+00    0.4651334874E+01    0.1693408726E+01    0.1004596453E+01    0.5564494654E+00    0.1233494038E+00   -0.1192668794E+00    0.1971571311E+01    0.3597878660E+01    0.4740258240E+00    0.3248724759E+00    0.5226661911E+00
    13.000   -0.1968523228E+00    0.4627200000E+01    0.1707900000E+01    0.1008700000E+01    0.5622000000E+00    0.1361000000E+00   -0.9300000000E-01    0.1959300000E+01    0.3611400000E+01    0.4773000000E+00    0.3131000000E+00    0.5153000000E+00
    13.100   -0.1872000000E+00    0.4603118010E+01    0.1721334921E+01    0.1012377256E+01    0.5675507281E+00    0.1499545862E+00   -0.6843248944E-01    0.1948687240E+01    0.3623747470E+01    0.4800931255E+00    0.3014923594E+00    0.5079479507E+00
    13.200   -0.1778526165E+00    0.4579200000E+01    0.1733700000E+01    0.1015600000E+01    0.5725000000E+00    0.1648000000E+00   -0.4420000000E-01    0.1939600000E+01    0.3635000000E+01    0.4824000000E+00    0.2900000000E+00    0.5006000000E+00
    13.300   -0.1688000000E+00    0.4555543088E+01    0.1744976591E+01    0.1018344524E+01    0.5770226221E+00    0.1805072512E+00   -0.1949066287E-01    0.1931917229E+01    0.3645243961E+01    0.4842266738E+00    0.2785705865E+00    0.4932420060E+00
    13.400   -0.1600372114E+00    0.4532200000E+01    0.1755200000E+01    0.1020600000E+01    0.5810000000E+00    0.1970000000E+00    0.2400000000E-02    0.1925600000E+01    0.3654600000E+01    0.4856000000E+00    0.2673000000E+00    0.4859000000E+00
    13.500   -0.1516000000E+00    0.4509222139E+01    0.1764421216E+01    0.1022357150E+01    0.5843087833E+00    0.2142164088E+00    0.1859514092E-01    0.1920606346E+01    0.3663164186E+01    0.4865376791E+00    0.2562877946E+00    0.4786090253E+00
    13.600   -0.1435235380E+00    0.4486700000E+01    0.1772700000E+01    0.1023600000E+01    0.5869000000E+00    0.2321000000E+00    0.3200000000E-01    0.1916800000E+01    0.3670900000E+01    0.4870000000E+00    0.2455000000E+00    0.4714000000E+00
    13.700   -0.1358000000E+00    0.4464718357E+01    0.1780088545E+01    0.1024314377E+01    0.5887172445E+00    0.2506146135E+00    0.4591009918E-01    0.1914044889E+01    0.3677786796E+01    0.4869601096E+00    0.2349032351E+00    0.4642968930E+00
    13.800   -0.1284061367E+00    0.4443300000E+01    0.1786600000E+01    0.1024500000E+01    0.5896000000E+00    0.2698000000E+00    0.5940000000E-01    0.1912300000E+01    0.3684000000E+01    0.4865000000E+00    0.2246000000E+00    0.4573000000E+00
    13.900   -0.1213000000E+00    0.4422466934E+01    0.1792249604E+01    0.1024160340E+01    0.5893472387E+00    0.2897251371E+00    0.7095196234E-01    0.1911539098E+01    0.3689701132E+01    0.4856968823E+00    0.2146992652E+00    0.4504034028E+00
    14.000   -0.1144519152E+00    0.4402300000E+01    0.1797100000E+01    0.1023300000E+01    0.5877000000E+00    0.3105000000E+00    0.8090000000E-01    0.1911700000E+01    0.3694800000E+01    0.4845000000E+00    0.2052000000E+00    0.4436000000E+00
    14.100   -0.1079000000E+00    0.4382876406E+01    0.1801213041E+01    0.1021919261E+01    0.5843563007E+00    0.3322848379E+00    0.8989455145E-01    0.1912711218E+01    0.3699196177E+01    0.4828523611E+00    0.1960872042E+00    0.4368894957E+00
    14.200   -0.1016862025E+00    0.4364200000E+01    0.1804600000E+01    0.1020000000E+01    0.5789000000E+00    0.3554000000E+00    0.9800000000E-01    0.1914500000E+01    0.3703000000E+01    0.4808000000E+00    0.1874000000E+00    0.4303000000E+00
    14.300   -0.9580000000E-01    0.4346264942E+01    0.1807273234E+01    0.1017525116E+01    0.5708400583E+00    0.3802355113E+00    0.1051573319E+00    0.1917003529E+01    0.3706339160E+01    0.4784061733E+00    0.1791644179E+00    0.4238636143E+00
    14.400   -0.9021577467E-01    0.4329100000E+01    0.1809300000E+01    0.1014500000E+01    0.5595000000E+00    0.4073000000E+00    0.1114000000E+00    0.1920200000E+01    0.3709200000E+01    0.4757000000E+00    0.1713000000E+00    0.4176000000E+00
    14.500   -0.8490000000E-01    0.4312738825E+01    0.1810756522E+01    0.1010930276E+01    0.5438959660E+00    0.4371731171E+00    0.1168636211E+00    0.1924074665E+01    0.3711559681E+01    0.4726979456E+00    0.1637301240E+00    0.4115310472E+00
    14.600   -0.7982569878E-01    0.4297200000E+01    0.1811700000E+01    0.1006800000E+01    0.5220000000E+00    0.4706000000E+00    0.1220000000E+00    0.1928600000E+01    0.3713500000E+01    0.4694000000E+00    0.1565000000E+00    0.4057000000E+00
    14.700   -0.7500000000E-01    0.4282492257E+01    0.1812163176E+01    0.1002103779E+01    0.4914010778E+00    0.5081595204E+00    0.1271756836E+00    0.1933735313E+01    0.3715097115E+01    0.4658145444E+00    0.1496650860E+00    0.4001371968E+00
    14.800   -0.7043143022E-01    0.4268600000E+01    0.1812100000E+01    0.9969000000E+00    0.4492000000E+00    0.5496000000E+00    0.1321000000E+00    0.1939400000E+01    0.3716300000E+01    0.4620000000E+00    0.1432000000E+00    0.3948000000E+00
    14.900   -0.6610000000E-01    0.4255492146E+01    0.1811478272E+01    0.9912421091E+00    0.3935622230E+00    0.5936763013E+00    0.1364836444E+00    0.1945521585E+01    0.3717051860E+01    0.4580063767E+00    0.1370595319E+00    0.3896326657E+00
    15.000   -0.6198608034E-01    0.4243100000E+01    0.1810400000E+01    0.9851000000E+00    0.3274000000E+00    0.6360000000E+00    0.1407000000E+00    0.1952100000E+01    0.3717400000E+01    0.4538000000E+00    0.1312000000E+00    0.3846000000E+00
    15.100   -0.5810000000E-01    0.4231376657E+01    0.1808973736E+01    0.9784402849E+00    0.2542250304E+00    0.6718102744E+00    0.1451272389E+00    0.1959140848E+01    0.3717407947E+01    0.4493474486E+00    0.1255967862E+00    0.3796946403E+00
    15.200   -0.5444924843E-01    0.4220400000E+01    0.1807200000E+01    0.9713000000E+00    0.1752000000E+00    0.6980000000E+00    0.1495000000E+00    0.1966600000E+01    0.3717100000E+01    0.4447000000E+00    0.1203000000E+00    0.3750000000E+00
    15.300   -0.5100000000E-01    0.4210251225E+01    0.1805076783E+01    0.9637342513E+00    0.9578765539E-01    0.7128451010E+00    0.1535074002E+00    0.1974427525E+01    0.3716491354E+01    0.4399163287E+00    0.1153533232E+00    0.3706012732E+00
    15.400   -0.4771692593E-01    0.4200900000E+01    0.1802700000E+01    0.9558000000E+00    0.4100000000E-01    0.7185000000E+00    0.1573000000E+00    0.1982600000E+01    0.3715600000E+01    0.4350000000E+00    0.1107000000E+00    0.3665000000E+00
    15.500   -0.4460000000E-01    0.4192280941E+01    0.1800156633E+01    0.9475352100E+00    0.3173684804E-01    0.7179843216E+00    0.1610806603E+00    0.1991099053E+01    0.3714439137E+01    0.4299497366E+00    0.1062774208E+00    0.3626627669E+00
    15.600   -0.4165804785E-01    0.4184300000E+01    0.1797400000E+01    0.9389000000E+00    0.5290000000E-01    0.7139000000E+00    0.1648000000E+00    0.1999900000E+01    0.3713000000E+01    0.4248000000E+00    0.1021000000E+00    0.3590000000E+00
    15.700   -0.3890000000E-01    0.4176875009E+01    0.1794384184E+01    0.9298499087E+00    0.8318995244E-01    0.7083551126E+00    0.1683699585E+00    0.2008976261E+01    0.3711277096E+01    0.4195847251E+00    0.9818699350E-01    0.3554351592E+00
    15.800   -0.3632588266E-01    0.4170000000E+01    0.1791200000E+01    0.9204000000E+00    0.1125000000E+00    0.7019000000E+00    0.1718000000E+00    0.2018300000E+01    0.3709300000E+01    0.4143000000E+00    0.9450000000E-01    0.3520000000E+00
    15.900   -0.3390000000E-01    0.4163681522E+01    0.1787944130E+01    0.9105901554E+00    0.1352783422E+00    0.6947077280E+00    0.1751020058E+00    0.2027845901E+01    0.3707102477E+01    0.4089363632E+00    0.9099960521E-01    0.3487340962E+00
    16.000   -0.3158842151E-01    0.4157900000E+01    0.1784600000E+01    0.9005000000E+00    0.1530000000E+00    0.6870000000E+00    0.1782000000E+00    0.2037600000E+01    0.3704700000E+01    0.4035000000E+00    0.8770000000E-01    0.3456000000E+00
    16.100   -0.2940000000E-01    0.4152623909E+01    0.1781151799E+01    0.8901894833E+00    0.1683341633E+00    0.6789764860E+00    0.1810095155E+00    0.2047552621E+01    0.3702100500E+01    0.3980073291E+00    0.8461458924E-01    0.3425534595E+00
    16.200   -0.2734543130E-01    0.4147800046E+01    0.1777700034E+01    0.8796001076E+00    0.1816998767E+00    0.6707000839E+00    0.1834999767E+00    0.2057699898E+01    0.3699300029E+01    0.3925000550E+00    0.8170002848E-01    0.3396000290E+00
    16.300   -0.2540000000E-01    0.4143372973E+01    0.1774348773E+01    0.8686772201E+00    0.1930596483E+00    0.6621990694E+00    0.1856473655E+00    0.2068030822E+01    0.3696295605E+01    0.3870094787E+00    0.7891711943E-01    0.3367521494E+00
    16.400   -0.2354235329E-01    0.4139300000E+01    0.1771100000E+01    0.8575000000E+00    0.2028000000E+00    0.6535000000E+00    0.1874000000E+00    0.2078500000E+01    0.3693100000E+01    0.3815000000E+00    0.7630000000E-01    0.3340000000E+00
    16.500   -0.2180000000E-01    0.4135546830E+01    0.1767940708E+01    0.8461519462E+00    0.2113518903E+00    0.6446149776E+00    0.1887259555E+00    0.2089061298E+01    0.3689729662E+01    0.3759424139E+00    0.7387951520E-01    0.3313255262E+00
    16.600   -0.2019765553E-01    0.4132100000E+01    0.1764900000E+01    0.8346000000E+00    0.2189000000E+00    0.6355000000E+00    0.1897000000E+00    0.2099700000E+01    0.3686200000E+01    0.3704000000E+00    0.7160000000E-01    0.3287000000E+00
    16.700   -0.1870000000E-01    0.4128939710E+01    0.1762025895E+01    0.8228024936E+00    0.2255702821E+00    0.6261160187E+00    0.1903863096E+00    0.2110411486E+01    0.3682523246E+01    0.3649333658E+00    0.6940232077E-01    0.3260957461E+00
    16.800   -0.1726702460E-01    0.4125999971E+01    0.1759399975E+01    0.8107998792E+00    0.2315000561E+00    0.6164999029E+00    0.1907000009E+00    0.2121200108E+01    0.3678699961E+01    0.3594999456E+00    0.6729997956E-01    0.3234999741E+00
    16.900   -0.1590000000E-01    0.4123214253E+01    0.1757096938E+01    0.7986412971E+00    0.2368151495E+00    0.6066992047E+00    0.1905550887E+00    0.2132068429E+01    0.3674731002E+01    0.3540480814E+00    0.6531718095E-01    0.3209064224E+00
    17.000   -0.1460924608E-01    0.4120560033E+01    0.1755130381E+01    0.7863285220E+00    0.2415840573E+00    0.5967282914E+00    0.1900102367E+00    0.2143002891E+01    0.3670630079E+01    0.3485929162E+00    0.6344830488E-01    0.3183200616E+00
    17.100   -0.1340000000E-01    0.4118025796E+01    0.1753498631E+01    0.7738514876E+00    0.2458609413E+00    0.5865932340E+00    0.1891602694E+00    0.2153985907E+01    0.3666414118E+01    0.3431662926E+00    0.6168027537E-01    0.3157486699E+00
    17.200   -0.1227099109E-01    0.4115600024E+01    0.1752200011E+01    0.7612001274E+00    0.2496999636E+00    0.5763001037E+00    0.1881000113E+00    0.2164999890E+01    0.3662100044E+01    0.3378000533E+00    0.6000001641E-01    0.3132000253E+00
    17.300   -0.1120000000E-01    0.4113267723E+01    0.1751245914E+01    0.7483726045E+00    0.2531576524E+00    0.5658719828E+00    0.1869207970E+00    0.2176033452E+01    0.3657699123E+01    0.3325165288E+00    0.5840063865E-01    0.3106941447E+00
    17.400   -0.1016928956E-01    0.4111000000E+01    0.1750700000E+01    0.7354000000E+00    0.2563000000E+00    0.5554000000E+00    0.1857000000E+00    0.2187100000E+01    0.3653200000E+01    0.3273000000E+00    0.5690000000E-01    0.3083000000E+00
    17.500   -0.9200000000E-02    0.4108760883E+01    0.1750621543E+01    0.7223120263E+00    0.2591813519E+00    0.5449601698E+00    0.1844703546E+00    0.2198205332E+01    0.3648593273E+01    0.3221293599E+00    0.5551075542E-01    0.3060648319E+00
    17.600   -0.8314350655E-02    0.4106500000E+01    0.1751000000E+01    0.7091000000E+00    0.2618000000E+00    0.5345000000E+00    0.1831000000E+00    0.2209300000E+01    0.3643900000E+01    0.3170000000E+00    0.5420000000E-01    0.3039000000E+00
    17.700   -0.7500000000E-02    0.4104176244E+01    0.1751817916E+01    0.6957542896E+00    0.2641419379E+00    0.5239623378E+00    0.1814727839E+00    0.2220332722E+01    0.3639140283E+01    0.3119160321E+00    0.5293134021E-01    0.3017090279E+00
    17.800   -0.6735807817E-02    0.4101799976E+01    0.1753100015E+01    0.6822998650E+00    0.2662000191E+00    0.5133998945E+00    0.1796999821E+00    0.2231300109E+01    0.3634299951E+01    0.3068999503E+00    0.5169998788E-01    0.2994999779E+00
    17.900   -0.6000000000E-02    0.4099384070E+01    0.1754869336E+01    0.6687704274E+00    0.2679759517E+00    0.5028776755E+00    0.1779134580E+00    0.2242214095E+01    0.3629370453E+01    0.3019688685E+00    0.5051384898E-01    0.2973114930E+00
    18.000   -0.5279918076E-02    0.4096900000E+01    0.1757100000E+01    0.6552000000E+00    0.2695000000E+00    0.4924000000E+00    0.1761000000E+00    0.2253100000E+01    0.3624400000E+01    0.2971000000E+00    0.4940000000E-01    0.2952000000E+00
    18.100   -0.4600000000E-02    0.4094312409E+01    0.1759767280E+01    0.6416136299E+00    0.2708043092E+00    0.4819641702E+00    0.1742233355E+00    0.2263973697E+01    0.3619427771E+01    0.2922708570E+00    0.4837573018E-01    0.2932074388E+00
    18.200   -0.3982019877E-02    0.4091600028E+01    0.1762899966E+01    0.6280001363E+00    0.2718999901E+00    0.4716001032E+00    0.1723000194E+00    0.2274799892E+01    0.3614400051E+01    0.2875000473E+00    0.4740000970E-01    0.2913000188E+00
    18.300   -0.3400000000E-02    0.4088753872E+01    0.1766523950E+01    0.6143504281E+00    0.2727942855E+00    0.4613409273E+00    0.1703557533E+00    0.2285540818E+01    0.3609268604E+01    0.2828103334E+00    0.4643325644E-01    0.2894338031E+00
    18.400   -0.2829502416E-02    0.4085800000E+01    0.1770600000E+01    0.6007000000E+00    0.2735000000E+00    0.4512000000E+00    0.1684000000E+00    0.2296200000E+01    0.3604100000E+01    0.2782000000E+00    0.4550000000E-01    0.2876000000E+00
    18.500   -0.2300000000E-02    0.4082759684E+01    0.1775086823E+01    0.5870850500E+00    0.2740185201E+00    0.4411849171E+00    0.1664412068E+00    0.2306787719E+01    0.3598960462E+01    0.2736629455E+00    0.4462877217E-01    0.2858074031E+00
    18.600   -0.1837470458E-02    0.4079600000E+01    0.1780000000E+01    0.5735000000E+00    0.2743000000E+00    0.4313000000E+00    0.1645000000E+00    0.2317300000E+01    0.3593800000E+01    0.2692000000E+00    0.4380000000E-01    0.2841000000E+00
    18.700   -0.1400000000E-02    0.4076282391E+01    0.1785353761E+01    0.5599468723E+00    0.2743066323E+00    0.4215444054E+00    0.1625919196E+00    0.2327733304E+01    0.3588564550E+01    0.2648128853E+00    0.4298915510E-01    0.2825115849E+00
    18.800   -0.9456157501E-03    0.4072799964E+01    0.1791100059E+01    0.5464998664E+00    0.2740999972E+00    0.4118999040E+00    0.1606999811E+00    0.2338100103E+01    0.3583299947E+01    0.2604999572E+00    0.4219999225E-01    0.2809999851E+00
    18.900   -0.5000000000E-03    0.4069160649E+01    0.1797185803E+01    0.5332270764E+00    0.2737424422E+00    0.4023621858E+00    0.1588035605E+00    0.2348404360E+01    0.3578056188E+01    0.2562603904E+00    0.4143958508E-01    0.2795212148E+00
    19.000   -0.9704346305E-04    0.4065400000E+01    0.1803600000E+01    0.5201000000E+00    0.2732000000E+00    0.3930000000E+00    0.1569000000E+00    0.2358600000E+01    0.3572800000E+01    0.2521000000E+00    0.4070000000E-01    0.2781000000E+00
    19.100    0.2641846260E-03    0.4061549917E+01    0.1810340690E+01    0.5070819543E+00    0.2724235925E+00    0.3838690863E+00    0.1549937863E+00    0.2368649541E+01    0.3567498054E+01    0.2480204352E+00    0.3997748316E-01    0.2767660145E+00
    19.200    0.5933204021E-03    0.4057600040E+01    0.1817399928E+01    0.4942001280E+00    0.2714000115E+00    0.3749000892E+00    0.1531000188E+00    0.2378599901E+01    0.3562200053E+01    0.2440000400E+00    0.3930000643E-01    0.2755000124E+00
    19.300    0.9000000000E-03    0.4053527294E+01    0.1824763739E+01    0.4814954577E+00    0.2701382203E+00    0.3660242130E+00    0.1512338459E+00    0.2388497205E+01    0.3556951742E+01    0.2400204784E+00    0.3868800002E-01    0.2742772611E+00
    19.400    0.1195792655E-02    0.4049300000E+01    0.1832400000E+01    0.4690000000E+00    0.2687000000E+00    0.3573000000E+00    0.1494000000E+00    0.2398300000E+01    0.3551700000E+01    0.2361000000E+00    0.3810000000E-01    0.2731000000E+00
    19.500    0.1500000000E-02    0.4044903522E+01    0.1840279147E+01    0.4567365829E+00    0.2671360594E+00    0.3487968188E+00    0.1475958839E+00    0.2407961352E+01    0.3546395128E+01    0.2322602662E+00    0.3749553499E-01    0.2719749768E+00
    19.600    0.1819032058E-02    0.4040400000E+01    0.1848400000E+01    0.4447000000E+00    0.2654000000E+00    0.3405000000E+00    0.1458000000E+00    0.2417500000E+01    0.3541100000E+01    0.2285000000E+00    0.3690000000E-01    0.2709000000E+00
    19.700    0.2100000000E-02    0.4035846119E+01    0.1856757176E+01    0.4328832125E+00    0.2634425408E+00    0.3323760130E+00    0.1439951185E+00    0.2426944886E+01    0.3535880246E+01    0.2248134573E+00    0.3634236012E-01    0.2698728320E+00
    19.800    0.2303079113E-02    0.4031199953E+01    0.1865300086E+01    0.4212998854E+00    0.2612999778E+00    0.3243999209E+00    0.1421999822E+00    0.2436300093E+01    0.3530699948E+01    0.2211999642E+00    0.3579999453E-01    0.2688999906E+00
    19.900    0.2500000000E-02    0.4026411867E+01    0.1873979895E+01    0.4099677376E+00    0.2590187135E+00    0.3165614020E+00    0.1404360909E+00    0.2445559370E+01    0.3525508739E+01    0.2176608016E+00    0.3524750898E-01    0.2679836679E+00
    20.000    0.2756151489E-02    0.4021500000E+01    0.1882800000E+01    0.3989000000E+00    0.2566000000E+00    0.3089000000E+00    0.1387000000E+00    0.2454700000E+01    0.3520300000E+01    0.2142000000E+00    0.3470000000E-01    0.2671000000E+00
    20.100    0.3000000000E-02    0.4016493782E+01    0.1891773478E+01    0.3881080205E+00    0.2540325452E+00    0.3014531602E+00    0.1369854690E+00    0.2463705389E+01    0.3515084657E+01    0.2108182374E+00    0.3418008869E-01    0.2662299704E+00
    20.200    0.3159814929E-02    0.4011400051E+01    0.1900899908E+01    0.3776001036E+00    0.2513000282E+00    0.2942000717E+00    0.1353000167E+00    0.2472599911E+01    0.3509900052E+01    0.2075000329E+00    0.3370000457E-01    0.2654000080E+00
    20.300    0.3300000000E-02    0.4006225647E+01    0.1910163440E+01    0.3673754642E+00    0.2484011839E+00    0.2871136531E+00    0.1336345792E+00    0.2481406330E+01    0.3504777777E+01    0.2042288390E+00    0.3325714891E-01    0.2646339726E+00
    20.400    0.3492088795E-02    0.4001000000E+01    0.1919500000E+01    0.3574000000E+00    0.2454000000E+00    0.2802000000E+00    0.1319000000E+00    0.2490100000E+01    0.3499700000E+01    0.2010000000E+00    0.3280000000E-01    0.2639000000E+00
    20.500    0.3700000000E-02    0.3995741277E+01    0.1928859997E+01    0.3476529205E+00    0.2423503007E+00    0.2734674334E+00    0.1300512619E+00    0.2498656538E+01    0.3494641883E+01    0.1978165013E+00    0.3229132863E-01    0.2631716618E+00
    20.600    0.3871829892E-02    0.3990400000E+01    0.1938300000E+01    0.3382000000E+00    0.2392000000E+00    0.2669000000E+00    0.1283000000E+00    0.2507100000E+01    0.3489600000E+01    0.1947000000E+00    0.3180000000E-01    0.2625000000E+00
    20.700    0.4000000000E-02    0.3984934245E+01    0.1947871572E+01    0.3291003561E+00    0.2358976126E+00    0.2604791143E+00    0.1268228734E+00    0.2515455019E+01    0.3484579690E+01    0.1916676563E+00    0.3139003663E-01    0.2619293805E+00
    20.800    0.4095591637E-02    0.3979399945E+01    0.1957500096E+01    0.3202999132E+00    0.2324999658E+00    0.2541999379E+00    0.1253999850E+00    0.2523700082E+01    0.3479599950E+01    0.1886999706E+00    0.3099999589E-01    0.2613999946E+00
    20.900    0.4200000000E-02    0.3973859084E+01    0.1967103991E+01    0.3117329060E+00    0.2290716502E+00    0.2480659310E+00    0.1237947027E+00    0.2531811121E+01    0.3474676713E+01    0.1857752891E+00    0.3056101339E-01    0.2608483012E+00
    21.000    0.4345803560E-02    0.3968300000E+01    0.1976700000E+01    0.3034000000E+00    0.2256000000E+00    0.2421000000E+00    0.1221000000E+00    0.2539800000E+01    0.3469800000E+01    0.1829000000E+00    0.3010000000E-01    0.2603000000E+00
    21.100    0.4500000000E-02    0.3962697617E+01    0.1986321140E+01    0.2953160487E+00    0.2220617787E+00    0.2363209692E+00    0.1204563362E+00    0.2547683646E+01    0.3464956024E+01    0.1800849901E+00    0.2965917347E-01    0.2597921489E+00
    21.200    0.4621194122E-02    0.3957046868E+01    0.1995967200E+01    0.2874862275E+00    0.2184687205E+00    0.2307118882E+00    0.1188645188E+00    0.2555463309E+01    0.3460141666E+01    0.1773311005E+00    0.2924620677E-01    0.2593179990E+00
    21.300    0.4700000000E-02    0.3951347685E+01    0.2005629659E+01    0.2799132926E+00    0.2148413020E+00    0.2252468632E+00    0.1172904419E+00    0.2563136317E+01    0.3455356475E+01    0.1746366606E+00    0.2886013669E-01    0.2588598495E+00
    21.400    0.4744419952E-02    0.3945600000E+01    0.2015300000E+01    0.2726000000E+00    0.2112000000E+00    0.2199000000E+00    0.1157000000E+00    0.2570700000E+01    0.3450600000E+01    0.1720000000E+00    0.2850000000E-01    0.2584000000E+00
    21.500    0.4800000000E-02    0.3939808890E+01    0.2024965922E+01    0.2655411850E+00    0.2075580847E+00    0.2146632569E+00    0.1140673876E+00    0.2578153099E+01    0.3445875365E+01    0.1694202813E+00    0.2815812424E-01    0.2579327000E+00
    21.600    0.4901126069E-02    0.3934000000E+01    0.2034600000E+01    0.2587000000E+00    0.2039000000E+00    0.2096000000E+00    0.1124000000E+00    0.2585500000E+01    0.3441200000E+01    0.1669000000E+00    0.2780000000E-01    0.2575000000E+00
    21.700    0.5000000000E-02    0.3928197608E+01    0.2044177565E+01    0.2520452378E+00    0.2002099445E+00    0.2047640897E+00    0.1106980703E+00    0.2592746710E+01    0.3436584766E+01    0.1644360986E+00    0.2740064173E-01    0.2571366000E+00
    21.800    0.5051075771E-02    0.3922399942E+01    0.2053700095E+01    0.2455999367E+00    0.1964999629E+00    0.2000999539E+00    0.1088999813E+00    0.2599900071E+01    0.3431999954E+01    0.1619999757E+00    0.2699999617E-01    0.2567999966E+00
    21.900    0.5100000000E-02    0.3916600512E+01    0.2063174091E+01    0.2393901818E+00    0.1927895305E+00    0.1955552524E+00    0.1069527776E+00    0.2606960264E+01    0.3427422939E+01    0.1595727545E+00    0.2663929763E-01    0.2564458905E+00
    22.000    0.5194570846E-02    0.3910800000E+01    0.2072600000E+01    0.2334000000E+00    0.1891000000E+00    0.1912000000E+00    0.1049000000E+00    0.2613900000E+01    0.3422900000E+01    0.1572000000E+00    0.2630000000E-01    0.2561000000E+00
    22.100    0.5300000000E-02    0.3905000185E+01    0.2081976334E+01    0.2276063602E+00    0.1854443312E+00    0.1871147726E+00    0.1027532683E+00    0.2620699931E+01    0.3418473350E+01    0.1549228160E+00    0.2595465742E-01    0.2557923281E+00
    22.200    0.5370640846E-02    0.3899200058E+01    0.2091299907E+01    0.2220000551E+00    0.1818000365E+00    0.1833000369E+00    0.1003000270E+00    0.2627399933E+01    0.3414100044E+01    0.1527000222E+00    0.2560000358E-01    0.2555000030E+00
    22.300    0.5400000000E-02    0.3893398907E+01    0.2100570318E+01    0.2165720279E+00    0.1781457447E+00    0.1797607571E+00    0.9737172280E-01    0.2634039830E+01    0.3409733782E+01    0.1504860419E+00    0.2524208246E-01    0.2551973049E+00
    22.400    0.5397865771E-02    0.3887600000E+01    0.2109800000E+01    0.2113000000E+00    0.1745000000E+00    0.1766000000E+00    0.9420000000E-01    0.2640600000E+01    0.3405400000E+01    0.1483000000E+00    0.2490000000E-01    0.2549000000E+00
    22.500    0.5400000000E-02    0.3881804352E+01    0.2118992127E+01    0.2061681865E+00    0.1708852952E+00    0.1739423053E+00    0.9073491951E-01    0.2647053058E+01    0.3401129150E+01    0.1461705803E+00    0.2458952308E-01    0.2546309609E+00
    22.600    0.5437896070E-02    0.3876000000E+01    0.2128100000E+01    0.2012000000E+00    0.1673000000E+00    0.1719000000E+00    0.8540000000E-01    0.2653400000E+01    0.3396900000E+01    0.1441000000E+00    0.2430000000E-01    0.2544000000E+00
    22.700    0.5500000000E-02    0.3870183685E+01    0.2137086174E+01    0.1964177272E+00    0.1637380746E+00    0.1706325270E+00    0.7723859444E-01    0.2659647937E+01    0.3392687120E+01    0.1420816374E+00    0.2401232527E-01    0.2542038516E+00
    22.800    0.5563049951E-02    0.3864399943E+01    0.2146000089E+01    0.1917999545E+00    0.1601999647E+00    0.1705000057E+00    0.6929993523E-01    0.2665800061E+01    0.3388499958E+01    0.1400999803E+00    0.2369999666E-01    0.2539999977E+00
    22.900    0.5600000000E-02    0.3858685742E+01    0.2154888433E+01    0.1873232742E+00    0.1566873049E+00    0.1715357612E+00    0.6482553583E-01    0.2671855368E+01    0.3384359751E+01    0.1381403137E+00    0.2334866647E-01    0.2537536266E+00
    23.000    0.5597404128E-02    0.3853000000E+01    0.2163700000E+01    0.1830000000E+00    0.1532000000E+00    0.1722653091E+00    0.6382025148E-01    0.2677800000E+01    0.3380300000E+01    0.1362000000E+00    0.2300000000E-01    0.2535000000E+00
    23.100    0.5600000000E-02    0.3847298188E+01    0.2172385339E+01    0.1788390503E+00    0.1497376086E+00    0.1708372240E+00    0.6547979716E-01    0.2683630759E+01    0.3376336259E+01    0.1342820536E+00    0.2269299943E-01    0.2532816355E+00
    23.200    0.5647333539E-02    0.3841600057E+01    0.2180999914E+01    0.1748000400E+00    0.1463000343E+00    0.1654000806E+00    0.6899988783E-01    0.2689399942E+01    0.3372400040E+01    0.1324000186E+00    0.2240000301E-01    0.2531000017E+00
    23.300    0.5700000000E-02    0.3835934160E+01    0.2189594975E+01    0.1708456336E+00    0.1428873546E+00    0.1552658213E+00    0.7357623848E-01    0.2695146440E+01    0.3368432819E+01    0.1305690228E+00    0.2209184381E-01    0.2529448360E+00
    23.400    0.5713261717E-02    0.3830300000E+01    0.2198100000E+01    0.1670000000E+00    0.1395000000E+00    0.1444000000E+00    0.7840456408E-01    0.2700800000E+01    0.3364500000E+01    0.1288000000E+00    0.2180000000E-01    0.2528000000E+00
    23.500    0.5700000000E-02    0.3824690333E+01    0.2206447013E+01    0.1632910304E+00    0.1361380713E+00    0.1367704034E+00    0.8268057959E-01    0.2706295816E+01    0.3360670080E+01    0.1270919086E+00    0.2155213420E-01    0.2526515255E+00
    23.600    0.5687119594E-02    0.3819100000E+01    0.2214700000E+01    0.1597000000E+00    0.1328000000E+00    0.1317000000E+00    0.8560000000E-01    0.2711700000E+01    0.3356900000E+01    0.1254000000E+00    0.2130000000E-01    0.2525000000E+00
    23.700    0.5700000000E-02    0.3813529506E+01    0.2222929473E+01    0.1562027455E+00    0.1294853604E+00    0.1276650715E+00    0.8662704993E-01    0.2717082796E+01    0.3353136862E+01    0.1236883429E+00    0.2099961943E-01    0.2523490622E+00
    23.800    0.5750759909E-02    0.3807999945E+01    0.2231100081E+01    0.1527999665E+00    0.1261999673E+00    0.1243999714E+00    0.8629999265E-01    0.2722400053E+01    0.3349399963E+01    0.1219999834E+00    0.2069999725E-01    0.2521999985E+00
    23.900    0.5800000000E-02    0.3802528984E+01    0.2239160330E+01    0.1494978913E+00    0.1229453930E+00    0.1218942272E+00    0.8531176835E-01    0.2727598152E+01    0.3345719864E+01    0.1203796720E+00    0.2044937983E-01    0.2520522213E+00
    24.000    0.5809840771E-02    0.3797100000E+01    0.2247100000E+01    0.1463000000E+00    0.1197000000E+00    0.1199000000E+00    0.8390000000E-01    0.2732700000E+01    0.3342100000E+01    0.1188000000E+00    0.2020000000E-01    0.2519000000E+00
    24.100    0.5800000000E-02    0.3791691906E+01    0.2254929433E+01    0.1432055966E+00    0.1164454779E+00    0.1181704399E+00    0.8218835966E-01    0.2737737239E+01    0.3338533578E+01    0.1172304237E+00    0.1990285407E-01    0.2517420484E+00
    24.200    0.5797377008E-02    0.3786300054E+01    0.2262699922E+01    0.1402000297E+00    0.1132000323E+00    0.1167000132E+00    0.8030001936E-01    0.2742699951E+01    0.3335000035E+01    0.1157000150E+00    0.1960000284E-01    0.2516000012E+00
    24.300    0.5800000000E-02    0.3780928541E+01    0.2270446727E+01    0.1372673033E+00    0.1099852844E+00    0.1155115480E+00    0.7833484810E-01    0.2747577755E+01    0.3331483420E+01    0.1142361744E+00    0.1933921199E-01    0.2514920888E+00
    24.400    0.5800651197E-02    0.3775600000E+01    0.2278100000E+01    0.1344000000E+00    0.1068000000E+00    0.1145000000E+00    0.7630000000E-01    0.2752400000E+01    0.3328000000E+01    0.1128000000E+00    0.1910000000E-01    0.2514000000E+00
    24.500    0.5800000000E-02    0.3770331584E+01    0.2285595936E+01    0.1316002754E+00    0.1036384772E+00    0.1135584055E+00    0.7419730324E-01    0.2757189098E+01    0.3324570342E+01    0.1113499215E+00    0.1885280588E-01    0.2513020999E+00
    24.600    0.5800018205E-02    0.3765100000E+01    0.2293000000E+01    0.1289000000E+00    0.1005000000E+00    0.1127000000E+00    0.7210000000E-01    0.2761900000E+01    0.3321200000E+01    0.1099000000E+00    0.1860000000E-01    0.2512000000E+00
    24.700    0.5800000000E-02    0.3759882622E+01    0.2300382030E+01    0.1263190955E+00    0.9738580682E-01    0.1119548310E+00    0.7007593890E-01    0.2766490854E+01    0.3317885212E+01    0.1084766396E+00    0.1834956451E-01    0.2510995116E+00
    24.800    0.5799275984E-02    0.3754699948E+01    0.2307700073E+01    0.1237999749E+00    0.9429996930E-01    0.1112999938E+00    0.6809998032E-01    0.2771000045E+01    0.3314599967E+01    0.1070999865E+00    0.1809999750E-01    0.2509999990E+00
    24.900    0.5800000000E-02    0.3749575280E+01    0.2314901153E+01    0.1212857705E+00    0.9124320717E-01    0.1106972527E+00    0.6613638477E-01    0.2775472617E+01    0.3311326216E+01    0.1057809811E+00    0.1784892888E-01    0.2508998509E+00
    25.000    0.5804301061E-02    0.3744500000E+01    0.2322000000E+01    0.1188000000E+00    0.8820000000E-01    0.1101000000E+00    0.6420000000E-01    0.2779900000E+01    0.3308100000E+01    0.1045000000E+00    0.1760000000E-01    0.2508000000E+00
    25.100    0.5811385613E-02    0.3739460457E+01    0.2329022635E+01    0.1163787167E+00    0.8515504317E-01    0.1094707420E+00    0.6231409932E-01    0.2784264039E+01    0.3304959925E+01    0.1032344838E+00    0.1735739883E-01    0.2507018438E+00
    25.200    0.5819729459E-02    0.3734454790E+01    0.2335972547E+01    0.1140277334E+00    0.8211013503E-01    0.1088168140E+00    0.6048507246E-01    0.2788561842E+01    0.3301900767E+01    0.1019806928E+00    0.1712148880E-01    0.2506060945E+00
    25.300    0.5827808404E-02    0.3729484083E+01    0.2342847590E+01    0.1117453030E+00    0.7907134963E-01    0.1081567583E+00    0.5871508828E-01    0.2792794331E+01    0.3298906347E+01    0.1007395922E+00    0.1689167718E-01    0.2505132931E+00
    25.400    0.5834098252E-02    0.3724549423E+01    0.2349645619E+01    0.1095296782E+00    0.7604476106E-01    0.1075091172E+00    0.5700631562E-01    0.2796962430E+01    0.3295960485E+01    0.9951214719E-01    0.1666737125E-01    0.2504239806E+00
    25.500    0.5837074807E-02    0.3719651895E+01    0.2356364489E+01    0.1073791119E+00    0.7303644339E-01    0.1068924331E+00    0.5536092334E-01    0.2801067062E+01    0.3293046999E+01    0.9829932296E-01    0.1644797829E-01    0.2503386981E+00
    25.600    0.5835213872E-02    0.3714792583E+01    0.2363002055E+01    0.1052918567E+00    0.7005247068E-01    0.1063252483E+00    0.5378108027E-01    0.2805109150E+01    0.3290149711E+01    0.9710208469E-01    0.1623290558E-01    0.2502579864E+00
    25.700    0.5826991252E-02    0.3709972574E+01    0.2369556172E+01    0.1032661655E+00    0.6709891701E-01    0.1058261052E+00    0.5226895527E-01    0.2809089618E+01    0.3287252440E+01    0.9592139758E-01    0.1602156039E-01    0.2501823866E+00
    25.800    0.5810882751E-02    0.3705192952E+01    0.2376024695E+01    0.1013002911E+00    0.6418185646E-01    0.1054135463E+00    0.5082671719E-01    0.2813009388E+01    0.3284339006E+01    0.9475822679E-01    0.1581335000E-01    0.2501124397E+00
    25.900    0.5785364172E-02    0.3700454803E+01    0.2382405478E+01    0.9939248633E-01    0.6130736308E-01    0.1051061137E+00    0.4945653487E-01    0.2816869385E+01    0.3281393228E+01    0.9361353753E-01    0.1560768169E-01    0.2500486866E+00
    26.000    0.5748911321E-02    0.3695759212E+01    0.2388696376E+01    0.9754100387E-01    0.5848151096E-01    0.1049223499E+00    0.4816057717E-01    0.2820670531E+01    0.3278398926E+01    0.9248829497E-01    0.1540396274E-01    0.2499916684E+00
    26.100    0.5700000000E-02    0.3691107265E+01    0.2394895245E+01    0.9574409655E-01    0.5571037417E-01    0.1048807972E+00    0.4694101294E-01    0.2824413749E+01    0.3275339921E+01    0.9138346431E-01    0.1520160042E-01    0.2499419260E+00
    26.200    0.5642267868E-02    0.3686500046E+01    0.2400999939E+01    0.9400001718E-01    0.5300002678E-01    0.1049999979E+00    0.4580001101E-01    0.2828099963E+01    0.3272200032E+01    0.9030001072E-01    0.1500000201E-01    0.2499000004E+00
    26.300    0.5600000000E-02    0.3681935624E+01    0.2407018536E+01    0.9229909948E-01    0.5035829327E-01    0.1050491446E+00    0.4471944436E-01    0.2831729463E+01    0.3269023967E+01    0.8923876246E-01    0.1479898404E-01    0.2498612122E+00
    26.400    0.5592687728E-02    0.3677400000E+01    0.2413000000E+01    0.9060000000E-01    0.4780000000E-01    0.1038000000E+00    0.4360000000E-01    0.2835300000E+01    0.3266100000E+01    0.8820000000E-01    0.1460000000E-01    0.2498000000E+00
    26.500    0.5600000000E-02    0.3672882772E+01    0.2418979985E+01    0.8887718029E-01    0.4534171863E-01    0.1010629084E+00    0.4240131311E-01    0.2838814611E+01    0.3263639168E+01    0.8718505354E-01    0.1440296458E-01    0.2496996847E+00
    26.600    0.5599481219E-02    0.3668400000E+01    0.2424900000E+01    0.8720000000E-01    0.4300000000E-01    0.1018000000E+00    0.4140000000E-01    0.2842300000E+01    0.3261300000E+01    0.8620000000E-01    0.1420000000E-01    0.2496000000E+00
    26.700    0.5600000000E-02    0.3663970788E+01    0.2430699023E+01    0.8562967958E-01    0.4077483283E-01    0.1074491949E+00    0.4078780342E-01    0.2845774592E+01    0.3258731863E+01    0.8524602354E-01    0.1398915771E-01    0.2495400490E+00
    26.800    0.5609387396E-02    0.3659599957E+01    0.2436400057E+01    0.8409998458E-01    0.3859997823E-01    0.1001997876E+00    0.4009999065E-01    0.2849200034E+01    0.3256099974E+01    0.8429999048E-01    0.1379999834E-01    0.2494999996E+00
    26.900    0.5600000000E-02    0.3655283951E+01    0.2442036585E+01    0.8254155747E-01    0.3642138788E-01    0.6708984618E-01    0.3886840848E-01    0.2852537117E+01    0.3253595805E+01    0.8334332509E-01    0.1365289957E-01    0.2494526182E+00
    27.000    0.5550469196E-02    0.3651000000E+01    0.2447600000E+01    0.8100000000E-01    0.3430000000E-01    0.3380000000E-01    0.3726767793E-01    0.2855800000E+01    0.3251000000E+01    0.8240000000E-01    0.1350000000E-01    0.2494000000E+00
    27.100    0.5500000000E-02    0.3646730790E+01    0.2453079792E+01    0.7952904755E-01    0.3230792806E-01    0.2597816094E-01    0.3563310876E-01    0.2859014532E+01    0.3248134849E+01    0.8149314971E-01    0.1329923971E-01    0.2493494769E+00
    27.200    0.5488735819E-02    0.3642500042E+01    0.2458499946E+01    0.7810001425E-01    0.3044700357E-01    0.3049996912E-01    0.3430001071E-01    0.2862199968E+01    0.3245400025E+01    0.8060000898E-01    0.1310000174E-01    0.2493000005E+00
    27.300    0.5500000000E-02    0.3638330505E+01    0.2463881598E+01    0.7667979110E-01    0.2870148751E-01    0.2977231636E-01    0.3349376180E-01    0.2865367166E+01    0.3243164870E+01    0.7969660056E-01    0.1295014675E-01    0.2492494757E+00
    27.400    0.5508220845E-02    0.3634200000E+01    0.2469200000E+01    0.7530000000E-01    0.2705564090E-01    0.2710000000E-01    0.3300000000E-01    0.2868500000E+01    0.3241100000E+01    0.7880000000E-01    0.1280000000E-01    0.2492000000E+00
    27.500    0.5509066537E-02    0.3630084809E+01    0.2474431160E+01    0.7398932924E-01    0.2549372473E-01    0.2870756323E-01    0.3254378215E-01    0.2871579210E+01    0.3238818240E+01    0.7793297404E-01    0.1260017794E-01    0.2491526217E+00
    27.600    0.5503515226E-02    0.3626000000E+01    0.2479600000E+01    0.7270000000E-01    0.2400000000E-01    0.3160000000E-01    0.3204759406E-01    0.2874600000E+01    0.3236400000E+01    0.7710000000E-01    0.1240000000E-01    0.2491000000E+00
    27.700    0.5492545064E-02    0.3621967759E+01    0.2484731261E+01    0.7138789215E-01    0.2256445495E-01    0.3175992502E-01    0.3148327877E-01    0.2877565992E+01    0.3234012169E+01    0.7629650342E-01    0.1224914149E-01    0.2490400377E+00
    27.800    0.5477134203E-02    0.3617999961E+01    0.2489800050E+01    0.7009998747E-01    0.2119998677E-01    0.3029998529E-01    0.3082267930E-01    0.2880500029E+01    0.3231699977E+01    0.7549999198E-01    0.1209999828E-01    0.2489999998E+00
    27.900    0.5458260794E-02    0.3614094040E+01    0.2494781439E+01    0.6888406581E-01    0.1992013600E-01    0.2917369034E-01    0.3003763870E-01    0.2883419407E+01    0.3229458017E+01    0.7469348938E-01    0.1190325148E-01    0.2489997268E+00
    28.000    0.5436902989E-02    0.3610200000E+01    0.2499700000E+01    0.6770000000E-01    0.1871810831E-01    0.2856802077E-01    0.2910000000E-01    0.2886300000E+01    0.3227200000E+01    0.7390000000E-01    0.1170000000E-01    0.2490000000E+00
