# R(Angstrom) mu(Debye)
  2.328379        8.571735
  2.434214        8.661707
  2.540050        8.750154
  2.645885        8.838092
  2.751720        8.928573
  2.857556        9.023628
  2.963391        9.124783
  3.069227        9.232546
  3.175062        9.346917
  3.280897        9.467134
  3.598404        9.853454
  3.704239        9.985870
  3.915910       10.246636
  4.021745       10.371174
  4.233416       10.598899
  4.339251       10.698021
  4.445087       10.785197
  4.550922       10.857886
  4.656758       10.915072
  4.762593       10.954467
  4.868428       10.975307
  4.974264       10.976578
  5.185935       10.918630
  5.291770       10.859666
  5.397605       10.782147
  5.503441       10.687346
  5.609276       10.577296
  5.715112       10.454538
  5.820947       10.321359
  5.926782       10.180301
  6.032618       10.034414
  6.138453        9.886494
  6.244289        9.738574
  6.350124        9.593196
  6.455959        9.452392
  6.561795        9.317689
  6.667630        9.190610
  6.773466        9.072172
  6.879301        8.963392
  6.985136        8.864525
  7.090972        8.776078
  7.196807        8.698305
  7.302643        8.631208
  7.408478        8.574022
  7.514313        8.526495
  7.620149        8.488117
  7.725984        8.458126
  7.831820        8.435506
  7.937655        8.419494
  8.043490        8.408565
  8.149326        8.402211
  8.255161        8.399161
  8.360997        8.398399
  8.572667        8.399924
  8.678503        8.401195
  8.784338        8.401449
  8.890174        8.400940
  8.996009        8.399161
  9.101844        8.395857
  9.207680        8.391282
  9.313515        8.384929
  9.419351        8.377304
  9.525186        8.368662
  9.842692        8.335876
 10.054363        8.310460
 10.160198        8.296990
 10.266034        8.283265
 10.477705        8.255562
 10.583540        8.241329
 10.795211        8.213372
 10.901046        8.199647
 11.430223        8.133820
 11.853565        8.085784
 11.959400        8.074602
 12.065236        8.063673
 12.171071        8.052998
 12.276906        8.042578
 12.594413        8.013095
 12.700248        8.003691
 12.806083        7.994542
 12.911919        7.985900
 13.017754        7.977259
 13.123590        7.968872
 13.229425        7.960739
 13.335260        7.952860
 13.441096        7.945235
 13.546931        7.937864
 13.652767        7.930748
 13.758602        7.923632
 13.864437        7.916769
 13.970273        7.910161
 14.076108        7.903553
 14.181944        7.897199
 14.287779        7.891099
 14.393614        7.885254
 14.499450        7.879408
 14.605285        7.873563
 14.711121        7.868225
 14.816956        7.862888
 14.922791        7.857551
 15.028627        7.852467
 15.134462        7.847384
 15.240298        7.842555
 15.346133        7.837980
 15.451968        7.833406
 15.557804        7.828831
 15.663639        7.824510
 15.769475        7.820189
 15.875310        7.814344