# R(A) 	 gamma (MHz)
1.1355978100e+04 1.8109200683e-02
1.1458945600e+04 2.7286191580e-02
1.1561164400e+04 4.7865836576e-02
1.1662070200e+04 1.3103960452e-01
1.1707011100e+04 6.6272356603e+00
1.1757177600e+04 1.7996292839e+00
1.1776963900e+04 5.0321072242e+00
1.1835191900e+04 5.0549855691e+00
1.1869764900e+04 2.0755672416e+00
1.1914400500e+04 5.3960300552e+00
1.1969894700e+04 2.3306324589e+00
1.1984367500e+04 4.7292772852e+00
1.2039549100e+04 5.7358436416e+00
1.2072069000e+04 1.3112381474e+00
1.2113216800e+04 5.8059233782e+00
1.2169474900e+04 2.2102937309e+00
1.2176597800e+04 4.6172029229e+00
1.2238656500e+04 5.6515574290e+00
1.2273989700e+04 8.2154208317e-01
1.2305302600e+04 6.3259135769e+00
1.2359348300e+04 3.1415100400e+00
1.2380321000e+04 3.3509487101e+00
1.2434855100e+04 6.2895595219e+00
1.2465163300e+04 6.6992230763e-01
1.2500825800e+04 5.7436614448e+00
1.2563109900e+04 6.1629609795e+00
1.2564924600e+04 4.6295758995e-01
1.2625975200e+04 5.8239851346e+00
1.2663664400e+04 5.1901153221e-01
1.2690362300e+04 6.2366147153e+00
1.2747606500e+04 3.8059057232e+00
1.2765479100e+04 2.5688734381e+00
1.2816499200e+04 6.1187067849e+00
1.2852454900e+04 7.0794820467e-01
1.2883178200e+04 5.7330847835e+00
1.2939549700e+04 4.5782373153e+00
1.2952053200e+04 1.8507832172e+00
1.3007096400e+04 6.0477736273e+00
1.3042760400e+04 5.3278090342e-01
1.3069224500e+04 5.8057948025e+00
1.3130645900e+04 5.4688860920e+00
1.3138772500e+04 9.3511274709e-01
1.3192290700e+04 5.8618934144e+00
1.3232506000e+04 3.7390939349e-01
1.3255109700e+04 6.1208155516e+00
1.3312626700e+04 4.3968194373e+00
1.3329112400e+04 1.8469980366e+00
1.3377484100e+04 6.0138549500e+00
1.3415742100e+04 6.0492375806e-01
1.3441839400e+04 5.7365255723e+00
1.3496731300e+04 4.5687986169e+00
1.3511984500e+04 1.6809997221e+00
1.3562482600e+04 6.0626394653e+00
1.3597665000e+04 5.6813054354e-01
1.3624402700e+04 5.6053704577e+00
1.3682374600e+04 5.5555559481e+00
1.3690519900e+04 7.3741323430e-01
1.3744056900e+04 5.9103492765e+00
1.3779812000e+04 3.8819267571e-01
1.3803830700e+04 5.8482925891e+00
1.3863105900e+04 5.2747030873e+00
1.3870416900e+04 9.6815111054e-01
1.3922704200e+04 5.8118163316e+00
1.3959200900e+04 3.0347331803e-01
1.3982662900e+04 6.0264643278e+00
1.4038572100e+04 4.0292213799e+00
1.4050601800e+04 2.1268968387e+00
1.4100134500e+04 5.8420346605e+00
1.4134381400e+04 4.0048626233e-01
1.4160855200e+04 5.9123285218e+00
1.4213124600e+04 3.4934130534e+00
1.4226568300e+04 2.6185340117e+00
1.4276627600e+04 5.9216628247e+00
1.4306576600e+04 4.0932879962e-01
1.4336682400e+04 5.7919992268e+00
1.4387206900e+04 2.9381122943e+00
1.4398511300e+04 3.1766693889e+00
1.4451248600e+04 5.9762069880e+00
1.4476844500e+04 3.1136645398e-01
1.4509511700e+04 5.7703263812e+00
1.4559895800e+04 1.7782392669e+00
1.4567645500e+04 4.3537916749e+00
1.4623086500e+04 5.9270867316e+00
1.4645385800e+04 2.5816285814e-01
1.4679725500e+04 5.8122853213e+00
1.4728888800e+04 2.7443407005e-01
1.4735980400e+04 5.8689369993e+00
1.4791941200e+04 5.7339545009e+00
1.4811781100e+04 3.6444256390e-01
1.4847821800e+04 5.8597359610e+00
1.4893088000e+04 2.7444098038e-01
1.4904149700e+04 5.8713739810e+00
1.4958077300e+04 5.4090439935e+00
1.4975493000e+04 6.4851998323e-01
