2.5
2.51564
2.53129
2.54693
2.56258
2.57822
2.59387
2.60951
2.62516
2.6408
2.65645
2.67209
2.68773
2.70338
2.71902
2.73467
2.75031
2.76596
2.7816
2.79725
2.81289
2.82854
2.84418
2.85982
2.87547
2.89111
2.90676
2.9224
2.93805
2.95369
2.96934
2.98498
3.00063
3.01627
3.03191
3.04756
3.0632
3.07885
3.09449
3.11014
3.12578
3.14143
3.15707
3.17272
3.18836
3.20401
3.21965
3.23529
3.25094
3.26658
3.28223
3.29787
3.31352
3.32916
3.34481
3.36045
3.3761
3.39174
3.40738
3.42303
3.43867
3.45432
3.46996
3.48561
3.50125
3.5169
3.53254
3.54819
3.56383
3.57947
3.59512
3.61076
3.62641
3.64205
3.6577
3.67334
3.68899
3.70463
3.72028
3.73592
3.75156
3.76721
3.78285
3.7985
3.81414
3.82979
3.84543
3.86108
3.87672
3.89237
3.90801
3.92365
3.9393
3.95494
3.97059
3.98623
4.00188
4.01752
4.03317
4.04881
4.06446
4.0801
4.09574
4.11139
4.12703
4.14268
4.15832
4.17397
4.18961
4.20526
4.2209
4.23655
4.25219
4.26783
4.28348
4.29912
4.31477
4.33041
4.34606
4.3617
4.37735
4.39299
4.40864
4.42428
4.43992
4.45557
4.47121
4.48686
4.5025
4.51815
4.53379
4.54944
4.56508
4.58073
4.59637
4.61202
4.62766
4.6433
4.65895
4.67459
4.69024
4.70588
4.72153
4.73717
4.75282
4.76846
4.78411
4.79975
4.81539
4.83104
4.84668
4.86233
4.87797
4.89362
4.90926
4.92491
4.94055
4.9562
4.97184
4.98748
5.00313
5.01877
5.03442
5.05006
5.06571
5.08135
5.097
5.11264
5.12829
5.14393
5.15957
5.17522
5.19086
5.20651
5.22215
5.2378
5.25344
5.26909
5.28473
5.30038
5.31602
5.33166
5.34731
5.36295
5.3786
5.39424
5.40989
5.42553
5.44118
5.45682
5.47247
5.48811
5.50375
5.5194
5.53504
5.55069
5.56633
5.58198
5.59762
5.61327
5.62891
5.64456
5.6602
5.67584
5.69149
5.70713
5.72278
5.73842
5.75407
5.76971
5.78536
5.801
5.81665
5.83229
5.84793
5.86358
5.87922
5.89487
5.91051
5.92616
5.9418
5.95745
5.97309
5.98874
6.00438
6.02003
6.03567
6.05131
6.06696
6.0826
6.09825
6.11389
6.12954
6.14518
6.16083
6.17647
6.19212
6.20776
6.2234
6.23905
6.25469
6.27034
6.28598
6.30163
6.31727
6.33292
6.34856
6.36421
6.37985
6.39549
6.41114
6.42678
6.44243
6.45807
6.47372
6.48936
6.50501
6.52065
6.5363
6.55194
6.56758
6.58323
6.59887
6.61452
6.63016
6.64581
6.66145
6.6771
6.69274
6.70839
6.72403
6.73967
6.75532
6.77096
6.78661
6.80225
6.8179
6.83354
6.84919
6.86483
6.88048
6.89612
6.91176
6.92741
6.94305
6.9587
6.97434
6.98999
7.00563
7.02128
7.03692
7.05257
7.06821
7.08385
7.0995
7.11514
7.13079
7.14643
7.16208
7.17772
7.19337
7.20901
7.22466
7.2403
7.25594
7.27159
7.28723
7.30288
7.31852
7.33417
7.34981
7.36546
7.3811
7.39675
7.41239
7.42804
7.44368
7.45932
7.47497
7.49061
7.50626
7.5219
7.53755
7.55319
7.56884
7.58448
7.60013
7.61577
7.63141
7.64706
7.6627
7.67835
7.69399
7.70964
7.72528
7.74093
7.75657
7.77222
7.78786
7.8035
7.81915
7.83479
7.85044
7.86608
7.88173
7.89737
7.91302
7.92866
7.94431
7.95995
7.97559
7.99124
8.00688
8.02253
8.03817
8.05382
8.06946
8.08511
8.10075
8.1164
8.13204
8.14768
8.16333
8.17897
8.19462
8.21026
8.22591
8.24155
8.2572
8.27284
8.28849
8.30413
8.31977
8.33542
8.35106
8.36671
8.38235
8.398
8.41364
8.42929
8.44493
8.46058
8.47622
8.49186
8.50751
8.52315
8.5388
8.55444
8.57009
8.58573
8.60138
8.61702
8.63267
8.64831
8.66395
8.6796
8.69524
8.71089
8.72653
8.74218
8.75782
8.77347
8.78911
8.80476
8.8204
8.83605
8.85169
8.86733
8.88298
8.89862
8.91427
8.92991
8.94556
8.9612
8.97685
8.99249
9.00814
9.02378
9.03942
9.05507
9.07071
9.08636
9.102
9.11765
9.13329
9.14894
9.16458
9.18023
9.19587
9.21151
9.22716
9.2428
9.25845
9.27409
9.28974
9.30538
9.32103
9.33667
9.35232
9.36796
9.3836
9.39925
9.41489
9.43054
9.44618
9.46183
9.47747
9.49312
9.50876
9.52441
9.54005
9.55569
9.57134
9.58698
9.60263
9.61827
9.63392
9.64956
9.66521
9.68085
9.6965
9.71214
9.72778
9.74343
9.75907
9.77472
9.79036
9.80601
9.82165
9.8373
9.85294
9.86859
9.88423
9.89987
9.91552
9.93116
9.94681
9.96245
9.9781
9.99374
10.0094
10.025
10.0407
10.0563
10.072
10.0876
10.1033
10.1189
10.1345
10.1502
10.1658
10.1815
10.1971
10.2128
10.2284
10.2441
10.2597
10.2753
10.291
10.3066
10.3223
10.3379
10.3536
10.3692
10.3849
10.4005
10.4161
10.4318
10.4474
10.4631
10.4787
10.4944
10.51
10.5257
10.5413
10.5569
10.5726
10.5882
10.6039
10.6195
10.6352
10.6508
10.6665
10.6821
10.6977
10.7134
10.729
10.7447
10.7603
10.776
10.7916
10.8073
10.8229
10.8385
10.8542
10.8698
10.8855
10.9011
10.9168
10.9324
10.9481
10.9637
10.9793
10.995
11.0106
11.0263
11.0419
11.0576
11.0732
11.0889
11.1045
11.1202
11.1358
11.1514
11.1671
11.1827
11.1984
11.214
11.2297
11.2453
11.261
11.2766
11.2922
11.3079
11.3235
11.3392
11.3548
11.3705
11.3861
11.4018
11.4174
11.433
11.4487
11.4643
11.48
11.4956
11.5113
11.5269
11.5426
11.5582
11.5738
11.5895
11.6051
11.6208
11.6364
11.6521
11.6677
11.6834
11.699
11.7146
11.7303
11.7459
11.7616
11.7772
11.7929
11.8085
11.8242
11.8398
11.8554
11.8711
11.8867
11.9024
11.918
11.9337
11.9493
11.965
11.9806
11.9962
12.0119
12.0275
12.0432
12.0588
12.0745
12.0901
12.1058
12.1214
12.137
12.1527
12.1683
12.184
12.1996
12.2153
12.2309
12.2466
12.2622
12.2778
12.2935
12.3091
12.3248
12.3404
12.3561
12.3717
12.3874
12.403
12.4186
12.4343
12.4499
12.4656
12.4812
12.4969
12.5125
12.5282
12.5438
12.5594
12.5751
12.5907
12.6064
12.622
12.6377
12.6533
12.669
12.6846
12.7003
12.7159
12.7315
12.7472
12.7628
12.7785
12.7941
12.8098
12.8254
12.8411
12.8567
12.8723
12.888
12.9036
12.9193
12.9349
12.9506
12.9662
12.9819
12.9975
13.0131
13.0288
13.0444
13.0601
13.0757
13.0914
13.107
13.1227
13.1383
13.1539
13.1696
13.1852
13.2009
13.2165
13.2322
13.2478
13.2635
13.2791
13.2947
13.3104
13.326
13.3417
13.3573
13.373
13.3886
13.4043
13.4199
13.4355
13.4512
13.4668
13.4825
13.4981
13.5138
13.5294
13.5451
13.5607
13.5763
13.592
13.6076
13.6233
13.6389
13.6546
13.6702
13.6859
13.7015
13.7171
13.7328
13.7484
13.7641
13.7797
13.7954
13.811
13.8267
13.8423
13.8579
13.8736
13.8892
13.9049
13.9205
13.9362
13.9518
13.9675
13.9831
13.9987
14.0144
14.03
14.0457
14.0613
14.077
14.0926
14.1083
14.1239
14.1395
14.1552
14.1708
14.1865
14.2021
14.2178
14.2334
14.2491
14.2647
14.2804
14.296
14.3116
14.3273
14.3429
14.3586
14.3742
14.3899
14.4055
14.4212
14.4368
14.4524
14.4681
14.4837
14.4994
14.515
14.5307
14.5463
14.562
14.5776
14.5932
14.6089
14.6245
14.6402
14.6558
14.6715
14.6871
14.7028
14.7184
14.734
14.7497
14.7653
14.781
14.7966
14.8123
14.8279
14.8436
14.8592
14.8748
14.8905
14.9061
14.9218
14.9374
14.9531
14.9687
14.9844
15
