# E_avg	g/G	Eg	EG	gamma	Gamma
1.1303997768e+04 7.1822390779e-01 1.1303997751e+04 1.1303997785e+04 1.8109200683e-02 2.5213865045e-02
1.1406965251e+04 1.3175770848e+01 1.1406965251e+04 1.1406965251e+04 2.7286191580e-02 2.0709370173e-03
1.1509184047e+04 1.6402006903e+02 1.1509184051e+04 1.1509184042e+04 4.7865836576e-02 2.9182914541e-04
1.1610089857e+04 8.7792018881e+02 1.1610089851e+04 1.1610089863e+04 1.3103960452e-01 1.4926140917e-04
1.1655030772e+04 2.8630824880e+05 1.1655030751e+04 1.1655030792e+04 6.6272356603e+00 2.3147204763e-05
1.1705197269e+04 5.9660002292e+03 1.1705197251e+04 1.1705197286e+04 1.7996292839e+00 3.0164753851e-04
1.1724983567e+04 1.4449627061e+05 1.1724983551e+04 1.1724983582e+04 5.0321072242e+00 3.4825170248e-05
1.1783211541e+04 6.3377145069e+03 1.1783211551e+04 1.1783211531e+04 5.0549855691e+00 7.9760386234e-04
1.1817784567e+04 2.1737643094e+05 1.1817784551e+04 1.1817784582e+04 2.0755672416e+00 9.5482625812e-06
1.1862420175e+04 1.7768978245e+03 1.1862420151e+04 1.1862420198e+04 5.3960300552e+00 3.0367700274e-03
1.1917914362e+04 4.5096170924e+03 1.1917914351e+04 1.1917914372e+04 2.3306324589e+00 5.1681382502e-04
1.1932387139e+04 2.3203200894e+02 1.1932387151e+04 1.1932387126e+04 4.7292772852e+00 2.0382003788e-02
1.1987568733e+04 1.5352458146e+02 1.1987568751e+04 1.1987568715e+04 5.7358436416e+00 3.7361076558e-02
1.2020088637e+04 2.0049126018e+05 1.2020088651e+04 1.2020088623e+04 1.3112381474e+00 6.5401262192e-06
1.2061236430e+04 7.7857340147e+01 1.2061236451e+04 1.2061236408e+04 5.8059233782e+00 7.4571303967e-02
1.2117494565e+04 1.9288253324e+01 1.2117494551e+04 1.2117494578e+04 2.2102937309e+00 1.1459273651e-01
1.2124617453e+04 6.2933055039e+01 1.2124617451e+04 1.2124617455e+04 4.6172029229e+00 7.3366896300e-02
1.2186676163e+04 2.8509843405e+01 1.2186676151e+04 1.2186676174e+04 5.6515574290e+00 1.9823179485e-01
1.2222009366e+04 1.7321738639e+01 1.2222009351e+04 1.2222009381e+04 8.2154208317e-01 4.7428384662e-02
1.2253322229e+04 1.4058452607e+01 1.2253322251e+04 1.2253322206e+04 6.3259135769e+00 4.4997225184e-01
1.2307367956e+04 1.3218884399e+01 1.2307367951e+04 1.2307367961e+04 3.1415100400e+00 2.3765318958e-01
1.2328340628e+04 1.2242165216e+01 1.2328340651e+04 1.2328340605e+04 3.3509487101e+00 2.7372189894e-01
1.2382874735e+04 7.7583638693e+00 1.2382874751e+04 1.2382874718e+04 6.2895595219e+00 8.1068117297e-01
1.2413182943e+04 7.8671296483e+00 1.2413182951e+04 1.2413182934e+04 6.6992230763e-01 8.5154603722e-02
1.2448845465e+04 7.8017364410e+00 1.2448845451e+04 1.2448845478e+04 5.7436614448e+00 7.3620295792e-01
1.2511129530e+04 5.3284325363e+00 1.2511129551e+04 1.2511129509e+04 6.1629609795e+00 1.1566179993e+00
1.2512944238e+04 2.1362812455e+01 1.2512944251e+04 1.2512944224e+04 4.6295758995e-01 2.1671191044e-02
1.2573994853e+04 6.1644278277e+00 1.2573994851e+04 1.2573994855e+04 5.8239851346e+00 9.4477302636e-01
1.2611684050e+04 4.2823656417e+00 1.2611684051e+04 1.2611684049e+04 5.1901153221e-01 1.2119738846e-01
1.2638381961e+04 5.0171893257e+00 1.2638381951e+04 1.2638381970e+04 6.2366147153e+00 1.2430495065e+00
1.2695626172e+04 6.4808181320e+00 1.2695626151e+04 1.2695626193e+04 3.8059057232e+00 5.8725698603e-01
1.2713498745e+04 4.8768861257e+00 1.2713498751e+04 1.2713498738e+04 2.5688734381e+00 5.2674460135e-01
1.2764518872e+04 5.1650997328e+00 1.2764518851e+04 1.2764518893e+04 6.1187067849e+00 1.1846250995e+00
1.2800474558e+04 2.4328268798e+01 1.2800474551e+04 1.2800474564e+04 7.0794820467e-01 2.9099818427e-02
1.2831197848e+04 6.0543725931e+00 1.2831197851e+04 1.2831197844e+04 5.7330847835e+00 9.4693293076e-01
1.2887569328e+04 5.3840752063e+00 1.2887569351e+04 1.2887569305e+04 4.5782373153e+00 8.5032937689e-01
1.2900072835e+04 1.6892786433e+01 1.2900072851e+04 1.2900072819e+04 1.8507832172e+00 1.0956056448e-01
1.2955116065e+04 8.0590047226e+00 1.2955116051e+04 1.2955116079e+04 6.0477736273e+00 7.5043678909e-01
1.2990780067e+04 3.9346117895e+00 1.2990780051e+04 1.2990780083e+04 5.3278090342e-01 1.3540875998e-01
1.3017244148e+04 1.0305550890e+01 1.3017244151e+04 1.3017244144e+04 5.8057948025e+00 5.6336578847e-01
1.3078665542e+04 1.3356409846e+01 1.3078665551e+04 1.3078665533e+04 5.4688860920e+00 4.0945779254e-01
1.3086792136e+04 5.5906333511e+00 1.3086792151e+04 1.3086792120e+04 9.3511274709e-01 1.6726418786e-01
1.3140310361e+04 1.5345175086e+01 1.3140310351e+04 1.3140310370e+04 5.8618934144e+00 3.8200238066e-01
1.3180525640e+04 2.1304288569e+01 1.3180525651e+04 1.3180525629e+04 3.7390939349e-01 1.7550897899e-02
1.3203129361e+04 1.7655977293e+01 1.3203129351e+04 1.3203129371e+04 6.1208155516e+00 3.4667101401e-01
1.3260646373e+04 2.7854823694e+01 1.3260646351e+04 1.3260646394e+04 4.3968194373e+00 1.5784768504e-01
1.3277132073e+04 2.2261071012e+01 1.3277132051e+04 1.3277132095e+04 1.8469980366e+00 8.2969864099e-02
1.3325503773e+04 3.1771765713e+01 1.3325503751e+04 1.3325503794e+04 6.0138549500e+00 1.8928299435e-01
1.3363761758e+04 3.2572145073e+02 1.3363761751e+04 1.3363761764e+04 6.0492375806e-01 1.8571812102e-03
1.3389859069e+04 4.4396892535e+01 1.3389859051e+04 1.3389859086e+04 5.7365255723e+00 1.2921006955e-01
1.3444750939e+04 5.6974390085e+01 1.3444750951e+04 1.3444750926e+04 4.5687986169e+00 8.0190390983e-02
1.3460004167e+04 1.1575247877e+02 1.3460004151e+04 1.3460004183e+04 1.6809997221e+00 1.4522364790e-02
1.3510502262e+04 8.9550238275e+01 1.3510502251e+04 1.3510502272e+04 6.0626394653e+00 6.7700986419e-02
1.3545684626e+04 9.7185428933e+01 1.3545684651e+04 1.3545684601e+04 5.6813054354e-01 5.8458407786e-03
1.3572422363e+04 1.4555012249e+02 1.3572422351e+04 1.3572422374e+04 5.6053704577e+00 3.8511616217e-02
1.3630394228e+04 1.7234649715e+02 1.3630394251e+04 1.3630394204e+04 5.5555559481e+00 3.2234806276e-02
1.3638539567e+04 2.5702590520e+03 1.3638539551e+04 1.3638539582e+04 7.3741323430e-01 2.8690230027e-04
1.3692076533e+04 3.1574530550e+02 1.3692076551e+04 1.3692076514e+04 5.9103492765e+00 1.8718724154e-02
1.3727831674e+04 1.6622445073e+02 1.3727831651e+04 1.3727831696e+04 3.8819267571e-01 2.3353524346e-03
1.3751850331e+04 4.8951604364e+02 1.3751850351e+04 1.3751850311e+04 5.8482925891e+00 1.1947090734e-02
1.3811125531e+04 8.2511359919e+02 1.3811125551e+04 1.3811125510e+04 5.2747030873e+00 6.3926992507e-03
1.3818436546e+04 3.8732207926e+02 1.3818436551e+04 1.3818436540e+04 9.6815111054e-01 2.4996021719e-03
1.3870723850e+04 1.1754585422e+03 1.3870723851e+04 1.3870723848e+04 5.8118163316e+00 4.9442971598e-03
1.3907220530e+04 1.2057760171e+03 1.3907220551e+04 1.3907220508e+04 3.0347331803e-01 2.5168299397e-04
1.3930682557e+04 1.7356933203e+03 1.3930682551e+04 1.3930682563e+04 6.0264643278e+00 3.4720789999e-03
1.3986591751e+04 3.4149034084e+03 1.3986591751e+04 1.3986591750e+04 4.0292213799e+00 1.1798932204e-03
1.3998621434e+04 2.3741455474e+03 1.3998621451e+04 1.3998621416e+04 2.1268968387e+00 8.9585781335e-04
1.4048154174e+04 4.6267393077e+03 1.4048154151e+04 1.4048154196e+04 5.8420346605e+00 1.2626677822e-03
1.4082401039e+04 9.8179793757e+04 1.4082401051e+04 1.4082401027e+04 4.0048626233e-01 4.0791108537e-06
1.4108874840e+04 7.3793866190e+03 1.4108874851e+04 1.4108874828e+04 5.9123285218e+00 8.0119511649e-04
1.4161144244e+04 1.2834778491e+04 1.4161144251e+04 1.4161144237e+04 3.4934130534e+00 2.7218335368e-04
1.4174587963e+04 1.4385912603e+04 1.4174587951e+04 1.4174587974e+04 2.6185340117e+00 1.8202070901e-04
1.4224647230e+04 2.0633460196e+04 1.4224647251e+04 1.4224647208e+04 5.9216628247e+00 2.8699320271e-04
1.4254596260e+04 2.6812615183e+05 1.4254596251e+04 1.4254596268e+04 4.0932879962e-01 1.5266276595e-06
1.4284702050e+04 3.6879115524e+04 1.4284702051e+04 1.4284702048e+04 5.7919992268e+00 1.5705363712e-04
1.4335226544e+04 5.0452100849e+04 1.4335226551e+04 1.4335226537e+04 2.9381122943e+00 5.8235677898e-05
1.4346530972e+04 8.3977158617e+04 1.4346530951e+04 1.4346530993e+04 3.1766693889e+00 3.7827778901e-05
1.4399268240e+04 1.0545371276e+05 1.4399268251e+04 1.4399268229e+04 5.9762069880e+00 5.6671375825e-05
1.4424864131e+04 1.6656595929e+05 1.4424864151e+04 1.4424864111e+04 3.1136645398e-01 1.8693282547e-06
1.4457531329e+04 1.9820450257e+05 1.4457531351e+04 1.4457531307e+04 5.7703263812e+00 2.9112993430e-05
1.4507915476e+04 2.0483010316e+05 1.4507915451e+04 1.4507915501e+04 1.7782392669e+00 8.6815328387e-06
1.4515665169e+04 4.2328545098e+05 1.4515665151e+04 1.4515665187e+04 4.3537916749e+00 1.0285710659e-05
1.4571106131e+04 5.9994004615e+05 1.4571106151e+04 1.4571106110e+04 5.9270867316e+00 9.8794650726e-06
1.4593405470e+04 3.4407626305e+05 1.4593405451e+04 1.4593405489e+04 2.5816285814e-01 7.5030708557e-07
1.4627745158e+04 1.1126740433e+06 1.4627745151e+04 1.4627745164e+04 5.8122853213e+00 5.2237089166e-06
1.4676908466e+04 7.4402884307e+05 1.4676908451e+04 1.4676908481e+04 2.7443407005e-01 3.6884869801e-07
1.4684000047e+04 1.9914476864e+06 1.4684000051e+04 1.4684000043e+04 5.8689369993e+00 2.9470706358e-06
1.4739960839e+04 3.7642824591e+06 1.4739960851e+04 1.4739960826e+04 5.7339545009e+00 1.5232529873e-06
1.4759800752e+04 1.9964308298e+06 1.4759800751e+04 1.4759800753e+04 3.6444256390e-01 1.8254705270e-07
1.4795841470e+04 6.8091716874e+06 1.4795841451e+04 1.4795841488e+04 5.8597359610e+00 8.6056516564e-07
1.4841107670e+04 1.0927909765e+08 1.4841107651e+04 1.4841107688e+04 2.7444098038e-01 2.5113767068e-09
1.4852169352e+04 1.1817448115e+07 1.4852169351e+04 1.4852169352e+04 5.8713739810e+00 4.9683941268e-07
1.4906096952e+04 2.5464912170e+07 1.4906096951e+04 1.4906096953e+04 5.4090439935e+00 2.1241164931e-07
1.4923512660e+04 1.9171398486e+07 1.4923512651e+04 1.4923512669e+04 6.4851998323e-01 3.3827473969e-08
